-734.11 296.00
-732.23 296.00
-729.28 296.00
-738.42 296.00
-728.73 296.00
-743.63 296.00
-747.72 296.00
-682.70 296.00
-654.75 296.03
-646.83 296.03
-632.22 296.03
-626.00 296.03
-622.61 296.03
-620.36 296.03
-618.46 296.03
-616.82 296.03
-615.23 296.03
-613.69 296.03
-612.22 296.03
-610.79 296.03
-609.45 296.03
-608.16 296.03
-606.91 296.03
-605.77 296.03
-604.67 296.03
-603.64 296.03
-602.64 296.03
-601.66 296.03
-600.78 296.03
-599.90 296.03
-599.06 296.03
-598.29 296.03
-597.54 296.03
-596.83 296.03
-596.11 296.03
-595.37 296.03
-594.63 296.03
-593.94 296.03
-593.25 296.03
-592.59 296.03
-591.91 296.03
-591.25 296.03
-590.49 296.03
-589.75 296.03
-589.03 296.03
-588.29 296.03
-587.64 296.03
-586.98 296.03
-586.39 296.03
-585.78 296.03
-585.23 296.03
-584.70 296.03
-584.17 296.03
-583.69 296.03
-583.19 296.03
-582.75 296.03
-582.27 296.03
-581.77 296.03
-581.26 296.03
-580.80 296.03
-580.33 296.03
-579.88 296.03
-579.41 296.03
-578.99 296.03
-578.52 296.03
-578.11 296.07
-577.68 296.07
-577.25 296.07
-576.86 296.07
-576.43 296.07
-576.02 296.07
-575.62 296.07
-575.20 296.07
-574.81 296.07
-574.41 296.07
-574.03 296.07
-573.61 296.07
-573.23 296.07
-572.81 296.07
-572.41 296.07
-572.00 296.07
-571.64 296.07
-571.25 296.07
-570.86 296.07
-570.49 296.07
-570.11 296.07
-569.78 296.07
-569.42 296.07
-569.08 296.07
-568.72 296.07
-568.37 296.07
-568.04 296.10
-567.73 296.10
-567.44 296.07
-567.15 296.07
-566.87 296.10
-566.59 296.10
-566.32 296.10
-566.04 296.10
-565.75 296.10
-565.45 296.10
-565.13 296.10
-564.86 296.10
-564.57 296.10
-564.27 296.10
-564.00 296.14
-563.74 296.10
-563.46 296.10
-563.17 296.10
-562.93 296.10
-562.64 296.10
-562.35 296.14
-562.11 296.10
-561.89 296.14
-561.61 296.10
-561.39 296.10
-561.14 296.14
-560.91 296.14
-560.72 296.14
-560.48 296.10
-560.27 296.14
-560.08 296.14
-559.87 296.14
-559.69 296.14
-559.53 296.14
-559.34 296.14
-559.16 296.14
-559.02 296.14
-558.83 296.14
-558.70 296.14
-558.55 296.14
-558.42 296.14
-558.25 296.10
-558.08 296.14
-557.91 296.14
-557.76 296.14
-557.65 296.14
-557.49 296.14
-557.34 296.14
-557.24 296.10
-557.11 296.14
-557.01 296.14
-556.84 296.14
-556.71 296.14
-556.58 296.14
-556.43 296.14
-556.31 296.10
-556.19 296.14
-556.08 296.10
-555.94 296.14
-555.82 296.10
-555.71 296.14
-555.58 296.10
-555.45 296.14
-555.33 296.10
-555.21 296.10
-555.05 296.14
-554.92 296.14
-554.77 296.14
-554.66 296.10
-554.54 296.10
-554.42 296.14
-554.33 296.10
-554.24 296.14
-554.15 296.14
-554.04 296.14
-553.95 296.10
-553.82 296.14
-553.71 296.14
-553.56 296.14
-553.43 296.14
-553.30 296.14
-553.22 296.14
-553.08 296.10
-553.00 296.14
-552.94 296.10
-552.85 296.10
-552.79 296.14
-552.70 296.10
-552.64 296.14
-552.58 296.14
-552.54 296.14
-552.44 296.14
-552.35 296.10
-552.23 296.14
-552.06 296.14
-551.89 296.14
-551.77 296.14
-551.65 296.14
-551.50 296.14
-551.36 296.14
-551.26 296.14
-551.12 296.14
-551.03 296.14
-550.91 296.14
-550.81 296.14
-550.71 296.14
-550.62 296.14
-550.54 296.14
-550.46 296.14
-550.38 296.14
-550.32 296.14
-550.26 296.14
-550.19 296.14
-550.13 296.10
-550.07 296.14
-550.01 296.14
-549.90 296.14
-549.85 296.14
-549.78 296.14
-549.71 296.14
-549.63 296.14
-549.54 296.14
-549.49 296.14
-549.40 296.14
-549.35 296.14
-549.26 296.14
-549.20 296.14
-549.14 296.14
-549.07 296.14
-549.00 296.14
-548.93 296.14
-548.87 296.18
-548.77 296.14
-548.73 296.14
-548.64 296.18
-548.54 296.14
-548.48 296.18
-548.44 296.18
-548.38 296.14
-548.34 296.18
-548.26 296.14
-548.22 296.14
-548.16 296.14
-548.11 296.14
-548.09 296.18
-548.05 296.18
-548.03 296.14
-547.97 296.14
-547.89 296.14
-547.83 296.14
-547.79 296.14
-547.71 296.18
-547.69 296.14
-547.60 296.14
-547.53 296.14
-547.43 296.14
-547.37 296.14
-547.29 296.14
-547.22 296.14
-547.17 296.14
-547.12 296.14
-547.07 296.14
-547.05 296.14
-546.96 296.14
-546.91 296.14
-546.83 296.14
-546.79 296.14
-546.72 296.14
-546.65 296.14
-546.61 296.14
-546.56 296.14
-546.51 296.14
-546.48 296.14
-546.41 296.14
-546.40 296.14
-546.40 296.14
-546.36 296.14
-546.32 296.14
-546.28 296.14
-546.27 296.14
-546.27 296.14
-546.24 296.14
-546.22 296.14
-546.19 296.14
-546.21 296.14
-546.15 296.14
-546.13 296.10
-546.12 296.14
-546.07 296.14
-546.00 296.14
-545.96 296.14
-545.91 296.14
-545.87 296.14
-545.84 296.14
-545.77 296.14
-545.70 296.14
-545.64 296.14
-545.57 296.14
-545.52 296.14
-545.41 296.14
-545.35 296.14
-545.26 296.14
-545.15 296.14
-545.06 296.14
-545.01 296.14
-544.91 296.14
-544.82 296.14
-544.80 296.14
-544.76 296.14
-544.64 296.14
-544.61 296.14
-544.55 296.14
-544.46 296.14
-544.44 296.14
-544.35 296.14
-544.27 296.14
-544.25 296.14
-544.18 296.14
-544.12 296.14
-544.08 296.14
-544.05 296.14
-543.98 296.14
-543.95 296.14
-543.90 296.14
-543.87 296.14
-543.84 296.14
-543.77 296.14
-543.75 296.14
-543.69 296.10
-543.65 296.14
-543.65 296.14
-543.62 296.14
-543.59 296.14
-543.58 296.14
-543.51 296.14
-543.53 296.14
-543.52 296.14
-543.52 296.14
-543.51 296.14
-543.45 296.14
-543.43 296.14
-543.40 296.14
-543.37 296.14
-543.32 296.14
-543.32 296.14
-543.27 296.14
-543.21 296.14
-543.17 296.14
-543.13 296.14
-543.10 296.14
-543.07 296.14
-543.06 296.14
-543.02 296.14
-542.97 296.14
-542.96 296.14
-542.92 296.14
-542.93 296.14
-542.91 296.14
-542.86 296.14
-542.83 296.14
-542.85 296.14
-542.82 296.14
-542.76 296.14
-542.75 296.14
-542.71 296.14
-542.72 296.14
-542.70 296.14
-542.66 296.14
-542.68 296.14
-542.65 296.14
-542.66 296.14
-542.66 296.14
-542.64 296.14
-542.63 296.14
-542.59 296.14
-542.60 296.14
-542.60 296.14
-542.56 296.14
-542.56 296.14
-542.53 296.14
-542.51 296.14
-542.55 296.14
-542.50 296.14
-542.48 296.14
-542.44 296.14
-542.40 296.14
-542.24 296.14
-542.07 296.14
-541.89 296.14
-541.67 296.14
-541.49 296.14
-541.27 296.14
-541.07 296.14
-540.93 296.14
-540.83 296.14
-540.70 296.14
-540.61 296.14
-540.51 296.14
-540.43 296.14
-540.36 296.14
-540.25 296.14
-540.14 296.14
-540.05 296.14
-539.89 296.14
-539.80 296.14
-539.69 296.14
-539.56 296.14
-539.45 296.10
-539.32 296.14
-539.24 296.14
-539.13 296.14
-538.99 296.10
-538.91 296.10
-538.79 296.10
-538.69 296.10
-538.61 296.10
-538.51 296.10
-538.38 296.10
-538.31 296.10
-538.18 296.14
-538.08 296.10
-537.96 296.10
-537.84 296.10
-537.74 296.14
-537.60 296.14
-537.45 296.14
-537.32 296.10
-537.16 296.10
-537.02 296.14
-536.87 296.10
-536.75 296.14
-536.62 296.10
-536.50 296.14
-536.35 296.10
-536.26 296.14
-536.21 296.14
-536.11 296.14
-536.08 296.14
-535.98 296.14
-535.93 296.14
-535.85 296.14
-535.75 296.14
-535.69 296.14
-535.60 296.14
-535.52 296.14
-535.42 296.14
-535.34 296.14
-535.24 296.14
-535.14 296.14
-534.99 296.14
-534.87 296.14
-534.76 296.14
-534.68 296.14
-534.54 296.14
-534.47 296.14
-534.39 296.14
-534.33 296.14
-534.26 296.14
-534.19 296.14
-534.15 296.14
-534.09 296.14
-534.07 296.14
-534.03 296.14
-533.99 296.14
-533.99 296.14
-533.96 296.14
-533.89 296.14
-533.90 296.14
-533.85 296.14
-533.80 296.14
-533.74 296.14
-533.76 296.14
-533.72 296.14
-533.71 296.14
-533.62 296.14
-533.57 296.14
-533.53 296.14
-533.52 296.14
-533.50 296.14
-533.49 296.14
-533.46 296.14
-533.40 296.14
-533.37 296.14
-533.35 296.14
-533.35 296.14
-533.31 296.14
-533.28 296.14
-533.29 296.14
-533.25 296.14
-533.23 296.14
-533.22 296.14
-533.23 296.14
-533.20 296.14
-533.17 296.18
-533.17 296.14
-533.13 296.18
-533.15 296.18
-533.14 296.18
-533.15 296.18
-533.17 296.18
-533.13 296.18
-533.13 296.18
-533.13 296.18
-533.16 296.18
-533.15 296.18
-533.17 296.18
-533.18 296.18
-533.20 296.18
-533.26 296.18
-533.23 296.18
-533.25 296.18
-533.22 296.18
-533.18 296.18
-533.20 296.18
-533.19 296.18
-533.17 296.18
-533.13 296.18
-533.08 296.14
-533.05 296.18
-533.03 296.18
-533.02 296.18
-532.96 296.18
-532.98 296.18
-532.98 296.18
-532.93 296.18
-532.93 296.18
-532.89 296.18
-532.88 296.18
-532.88 296.18
-532.90 296.18
-532.86 296.18
-532.87 296.18
-532.86 296.18
-532.85 296.18
-532.82 296.18
-532.76 296.18
-532.73 296.18
-532.75 296.18
-532.73 296.18
-532.66 296.18
-532.68 296.18
-532.64 296.18
-532.62 296.18
-532.61 296.18
-532.59 296.18
-532.56 296.18
-532.51 296.18
-532.51 296.18
-532.52 296.18
-532.48 296.18
-532.48 296.18
-532.45 296.18
-532.42 296.18
-532.40 296.18
-532.38 296.18
-532.36 296.18
-532.36 296.18
-532.39 296.18
-532.40 296.18
-532.37 296.18
-532.39 296.18
-532.39 296.18
-532.39 296.18
-532.39 296.18
-532.37 296.18
-532.39 296.18
-532.37 296.18
-532.35 296.18
-532.35 296.18
-532.32 296.18
-532.33 296.18
-532.34 296.18
-532.27 296.18
-532.29 296.18
-532.29 296.18
-532.29 296.18
-532.25 296.18
-532.24 296.18
-532.28 296.18
-532.23 296.18
-532.19 296.18
-532.18 296.18
-532.14 296.18
-532.15 296.18
-532.12 296.18
-532.09 296.18
-532.07 296.18
-532.05 296.18
-532.09 296.18
-532.06 296.18
-532.00 296.18
-531.96 296.18
-531.92 296.18
-531.94 296.18
-531.92 296.18
-531.86 296.18
-531.87 296.18
-531.89 296.18
-531.86 296.18
-531.84 296.18
-531.87 296.18
-531.87 296.18
-531.82 296.18
-531.85 296.18
-531.83 296.18
-531.82 296.18
-531.80 296.18
-531.84 296.18
-531.82 296.18
-531.82 296.18
-531.81 296.18
-531.83 296.18
-531.83 296.18
-531.79 296.18
-531.83 296.18
-531.82 296.18
-531.85 296.18
-531.87 296.18
-531.88 296.18
-531.88 296.18
-531.91 296.18
-531.89 296.18
-531.93 296.18
-531.97 296.18
-531.99 296.18
-531.99 296.18
-532.02 296.18
-532.07 296.18
-532.10 296.18
-532.12 296.18
-532.17 296.18
-532.25 296.18
-532.28 296.18
-532.31 296.18
-532.36 296.21
-532.40 296.21
-532.43 296.21
-532.48 296.21
-532.52 296.18
-532.55 296.18
-532.59 296.21
-532.62 296.18
-532.69 296.21
-532.72 296.21
-532.74 296.21
-532.81 296.21
-532.86 296.21
-532.88 296.21
-532.97 296.21
-533.00 296.21
-533.04 296.21
-533.09 296.21
-533.12 296.18
-533.14 296.21
-533.17 296.21
-533.23 296.21
-533.26 296.18
-533.30 296.18
-533.31 296.21
-533.33 296.21
-533.31 296.21
-533.32 296.21
-533.37 296.21
-533.38 296.21
-533.41 296.21
-533.41 296.21
-533.41 296.18
-533.45 296.21
-533.49 296.18
-533.49 296.21
-533.49 296.21
-533.56 296.21
-533.58 296.21
-533.58 296.21
-533.60 296.21
-533.61 296.21
-533.62 296.21
-533.63 296.21
-533.67 296.21
-533.70 296.21
-533.72 296.21
-533.74 296.21
-533.72 296.21
-533.74 296.21
-533.78 296.21
-533.81 296.21
-533.84 296.21
-533.86 296.21
-533.89 296.21
-533.92 296.21
-533.94 296.21
-533.92 296.21
-533.94 296.21
-533.99 296.21
-534.02 296.21
-534.02 296.21
-534.05 296.21
-534.06 296.21
-534.08 296.21
-534.07 296.21
-534.12 296.21
-534.11 296.21
-534.09 296.21
-534.13 296.21
-534.10 296.21
-534.09 296.21
-534.15 296.21
-534.14 296.25
-534.11 296.21
-534.12 296.21
-534.13 296.21
-534.11 296.25
-534.12 296.21
-534.09 296.21
-534.10 296.21
-534.11 296.25
-534.09 296.21
-534.09 296.21
-534.10 296.25
-534.12 296.25
-534.11 296.21
-534.11 296.25
-534.10 296.25
-534.10 296.25
-534.13 296.25
-534.10 296.25
-534.10 296.25
-534.15 296.25
-534.10 296.25
-534.11 296.25
-534.14 296.25
-534.14 296.25
-534.13 296.25
-534.09 296.25
-534.11 296.25
-534.12 296.25
-534.12 296.25
-534.09 296.25
-534.09 296.25
-534.08 296.25
-534.07 296.25
-534.06 296.25
-534.09 296.25
-534.06 296.25
-534.04 296.29
-534.02 296.29
-533.99 296.25
-533.98 296.25
-533.95 296.29
-533.96 296.25
-533.92 296.25
-533.87 296.25
-533.84 296.25
-533.82 296.25
-533.75 296.25
-533.74 296.25
-533.71 296.25
-533.65 296.25
-533.65 296.25
-533.58 296.25
-533.56 296.25
-533.48 296.25
-533.46 296.25
-533.42 296.25
-533.40 296.25
-533.36 296.25
-533.30 296.25
-533.23 296.25
-533.19 296.25
-533.10 296.25
-533.05 296.25
-533.02 296.25
-532.94 296.25
-532.90 296.21
-532.83 296.21
-532.82 296.21
-532.77 296.25
-532.70 296.21
-532.65 296.25
-532.61 296.25
-532.53 296.25
-532.48 296.25
-532.42 296.25
-532.37 296.25
-532.33 296.21
-532.27 296.21
-532.19 296.21
-532.15 296.21
-532.12 296.21
-532.05 296.25
-532.02 296.21
-531.96 296.21
-531.89 296.21
-531.88 296.25
-531.85 296.21
-531.80 296.21
-531.75 296.21
-531.71 296.25
-531.68 296.21
-531.68 296.21
-531.62 296.21
-531.61 296.21
-531.61 296.21
-531.57 296.21
-531.54 296.21
-531.52 296.21
-531.51 296.21
-531.51 296.25
-531.49 296.25
-531.50 296.21
-531.49 296.21
-531.50 296.21
-531.47 296.21
-531.51 296.25
-531.52 296.21
-531.52 296.21
-531.52 296.21
-531.50 296.21
-531.51 296.21
-531.49 296.21
-531.51 296.21
-531.49 296.21
-531.49 296.21
-531.46 296.21
-531.47 296.21
-531.44 296.21
-531.44 296.21
-531.41 296.21
-531.39 296.21
-531.33 296.21
-531.33 296.21
-531.29 296.21
-531.24 296.21
-531.22 296.21
-531.17 296.21
-531.13 296.21
-531.10 296.21
-531.05 296.21
-531.02 296.21
-530.93 296.21
-530.92 296.21
-530.88 296.21
-530.82 296.21
-530.81 296.21
-530.74 296.25
-530.68 296.21
-530.61 296.21
-530.60 296.25
-530.60 296.21
-530.55 296.25
-530.49 296.21
-530.51 296.21
-530.49 296.21
-530.44 296.21
-530.39 296.25
-530.37 296.21
-530.34 296.25
-530.34 296.25
-530.34 296.25
-530.32 296.25
-530.30 296.25
-530.31 296.25
-530.28 296.25
-530.28 296.25
-530.27 296.25
-530.28 296.25
-530.25 296.25
-530.26 296.25
-530.24 296.25
-530.25 296.25
-530.24 296.25
-530.21 296.25
-530.19 296.25
-530.19 296.25
-530.15 296.25
-530.16 296.25
-530.15 296.25
-530.11 296.25
-530.12 296.25
-530.06 296.25
-530.03 296.25
-530.00 296.25
-529.98 296.25
-529.95 296.25
-529.94 296.25
-529.92 296.25
-529.92 296.25
-529.91 296.25
-529.92 296.25
-529.89 296.25
-529.90 296.25
-529.87 296.25
-529.88 296.25
-529.88 296.25
-529.91 296.25
-529.92 296.25
-529.94 296.25
-529.95 296.25
-529.92 296.25
-529.94 296.25
-529.93 296.25
-529.95 296.25
-529.99 296.25
-530.01 296.25
-529.97 296.25
-529.99 296.25
-530.02 296.25
-530.02 296.25
-529.99 296.25
-529.99 296.25
-530.01 296.25
-530.00 296.25
-530.04 296.25
-530.04 296.25
-529.99 296.25
-530.06 296.25
-530.06 296.25
-530.04 296.25
-530.01 296.25
-530.01 296.25
-530.04 296.25
-530.05 296.25
-530.05 296.25
-530.03 296.25
-530.01 296.25
-530.04 296.25
-529.99 296.25
-529.96 296.25
-529.96 296.25
-529.95 296.25
-529.91 296.25
-529.92 296.25
-529.91 296.25
-529.86 296.25
-529.88 296.25
-529.82 296.25
-529.82 296.25
-529.81 296.25
-529.82 296.25
-529.82 296.25
-529.83 296.25
-529.81 296.25
-529.81 296.25
-529.80 296.25
-529.80 296.25
-529.79 296.25
-529.78 296.25
-529.75 296.25
-529.76 296.25
-529.76 296.29
-529.72 296.25
-529.69 296.25
-529.67 296.25
-529.66 296.25
-529.66 296.25
-529.62 296.29
-529.62 296.25
-529.61 296.25
-529.56 296.25
-529.55 296.29
-529.53 296.25
-529.48 296.29
-529.51 296.29
-529.51 296.25
-529.50 296.29
-529.45 296.25
-529.42 296.25
-529.44 296.25
-529.41 296.29
-529.40 296.29
-529.40 296.25
-529.39 296.29
-529.39 296.25
-529.37 296.29
-529.34 296.29
-529.35 296.25
-529.34 296.29
-529.33 296.25
-529.32 296.29
-529.31 296.29
-529.34 296.29
-529.34 296.29
-529.34 296.29
-529.35 296.25
-529.30 296.29
-529.32 296.29
-529.34 296.29
-529.32 296.29
-529.33 296.29
-529.30 296.29
-529.31 296.29
-529.32 296.29
-529.33 296.29
-529.32 296.29
-529.30 296.29
-529.33 296.29
-529.36 296.29
-529.34 296.29
-529.33 296.29
-529.35 296.29
-529.34 296.29
-529.37 296.29
-529.34 296.29
-529.35 296.29
-529.35 296.29
-529.36 296.29
-529.34 296.29
-529.34 296.29
-529.37 296.29
-529.40 296.29
-529.38 296.29
-529.38 296.29
-529.40 296.29
-529.38 296.29
-529.40 296.29
-529.43 296.29
-529.42 296.29
-529.44 296.29
-529.45 296.29
-529.45 296.29
-529.43 296.29
-529.48 296.29
-529.47 296.29
-529.44 296.29
-529.46 296.29
-529.45 296.29
-529.50 296.29
-529.50 296.29
-529.48 296.29
-529.50 296.29
-529.51 296.29
-529.51 296.29
-529.52 296.29
-529.52 296.29
-529.50 296.29
-529.48 296.25
-529.50 296.29
-529.50 296.25
-529.50 296.29
-529.51 296.29
-529.49 296.25
-529.51 296.29
-529.48 296.25
-529.46 296.29
-529.48 296.29
-529.44 296.29
-529.44 296.29
-529.44 296.29
-529.41 296.29
-529.44 296.29
-529.44 296.25
-529.42 296.29
-529.42 296.29
-529.40 296.25
-529.40 296.29
-529.39 296.25
-529.37 296.25
-529.42 296.25
-529.39 296.29
-529.38 296.29
-529.34 296.29
-529.34 296.25
-529.34 296.25
-529.30 296.29
-529.28 296.25
-529.29 296.25
-529.27 296.25
-529.26 296.25
-529.25 296.25
-529.22 296.25
-529.20 296.25
-529.16 296.25
-529.19 296.25
-529.19 296.25
-529.16 296.25
-529.19 296.25
-529.15 296.25
-529.17 296.25
-529.14 296.25
-529.14 296.25
-529.11 296.29
-529.09 296.25
-529.09 296.25
-529.09 296.25
-529.09 296.25
-529.08 296.25
-529.07 296.25
-529.03 296.25
-529.05 296.25
-529.04 296.25
-529.01 296.25
-529.00 296.29
-528.98 296.25
-529.01 296.25
-528.97 296.25
-528.89 296.25
-528.45 296.25
-528.46 296.25
-528.49 296.25
-528.48 296.25
-528.50 296.25
-528.50 296.25
-528.51 296.25
-528.48 296.25
-528.47 296.25
-528.48 296.25
-528.46 296.25
-528.47 296.25
-528.48 296.25
-528.44 296.25
-528.47 296.25
-528.44 296.25
-528.43 296.25
-528.40 296.25
-528.42 296.25
-528.44 296.25
-528.43 296.25
-528.44 296.25
-528.41 296.25
-528.41 296.25
-528.40 296.25
-528.40 296.25
-528.37 296.25
-528.37 296.25
-528.38 296.25
-528.34 296.25
-528.34 296.25
-528.32 296.25
-528.29 296.25
-528.28 296.25
-528.29 296.25
-528.27 296.25
-528.27 296.25
-528.27 296.25
-528.24 296.25
-528.19 296.25
-528.19 296.25
-528.20 296.29
-528.19 296.25
-528.14 296.25
-528.13 296.29
-528.13 296.29
-528.15 296.25
-528.11 296.25
-528.07 296.29
-528.09 296.29
-528.05 296.29
-528.03 296.25
-528.04 296.25
-528.04 296.25
-528.02 296.25
-527.98 296.25
-528.00 296.25
-527.99 296.25
-527.98 296.25
-527.96 296.25
-528.00 296.25
-527.98 296.25
-527.99 296.25
-528.02 296.25
-528.00 296.25
-528.00 296.25
-527.98 296.25
-527.98 296.25
-527.99 296.25
-527.98 296.25
-527.95 296.25
-527.99 296.25
-527.96 296.25
-527.95 296.25
-527.92 296.25
-527.89 296.25
-527.86 296.25
-527.83 296.25
-527.81 296.25
-527.80 296.29
-527.79 296.25
-527.78 296.25
-527.74 296.25
-527.71 296.29
-527.70 296.29
-527.68 296.29
-527.67 296.29
-527.63 296.29
-527.65 296.29
-527.62 296.29
-527.58 296.29
-527.58 296.29
-527.53 296.29
-527.55 296.29
-527.50 296.29
-527.48 296.25
-527.48 296.29
-527.42 296.29
-527.43 296.25
-527.40 296.29
-527.41 296.29
-527.39 296.29
-527.37 296.29
-527.34 296.29
-527.33 296.29
-527.29 296.29
-527.28 296.29
-527.30 296.29
-527.28 296.29
-527.27 296.29
-527.24 296.29
-527.22 296.29
-527.20 296.29
-527.20 296.29
-527.20 296.29
-527.17 296.29
-527.15 296.29
-527.16 296.29
-527.13 296.29
-527.09 296.29
-527.10 296.29
-527.11 296.29
-527.12 296.29
-527.10 296.29
-527.09 296.29
-527.07 296.29
-527.07 296.29
-527.11 296.29
-527.11 296.29
-527.14 296.29
-527.16 296.29
-527.11 296.29
-527.15 296.29
-527.17 296.29
-527.16 296.29
-527.17 296.29
-527.22 296.29
-527.24 296.29
-527.24 296.29
-527.27 296.29
-527.31 296.29
-527.30 296.29
-527.32 296.29
-527.33 296.29
-527.34 296.29
-527.30 296.29
-527.34 296.29
-527.35 296.29
-527.32 296.29
-527.32 296.29
-527.28 296.29
-527.29 296.29
-527.28 296.29
-527.27 296.29
-527.27 296.29
-527.27 296.29
-527.25 296.29
-527.25 296.29
-527.23 296.29
-527.24 296.29
-527.23 296.29
-527.24 296.29
-527.22 296.29
-527.20 296.29
-527.19 296.29
-527.19 296.29
-527.18 296.29
-527.18 296.29
-527.15 296.29
-527.18 296.29
-527.17 296.29
-527.17 296.29
-527.15 296.29
-527.17 296.29
-527.15 296.29
-527.14 296.29
-527.12 296.29
-527.14 296.29
-527.11 296.29
-527.14 296.29
-527.11 296.29
-527.06 296.29
-527.04 296.29
-527.00 296.29
-526.99 296.29
-526.99 296.29
-526.99 296.29
-526.97 296.29
-526.95 296.29
-526.94 296.29
-526.91 296.29
-526.89 296.29
-526.85 296.29
-526.85 296.29
-526.84 296.29
-526.83 296.29
-526.81 296.29
-526.76 296.29
-526.75 296.29
-526.69 296.29
-526.65 296.29
-526.60 296.29
-526.59 296.29
-526.58 296.32
-526.52 296.29
-526.46 296.29
-526.44 296.29
-526.40 296.32
-526.39 296.29
-526.37 296.32
-526.35 296.32
-526.33 296.32
-526.29 296.29
-526.28 296.29
-526.25 296.29
-526.25 296.32
-526.24 296.29
-526.24 296.29
-526.18 296.29
-526.16 296.29
-526.16 296.32
-526.14 296.32
-526.10 296.29
-526.08 296.32
-526.08 296.29
-526.07 296.29
-526.02 296.32
-525.98 296.32
-525.98 296.29
-525.94 296.32
-525.90 296.32
-525.90 296.32
-525.88 296.32
-525.85 296.32
-525.85 296.32
-525.87 296.32
-525.82 296.29
-525.83 296.32
-525.81 296.32
-525.79 296.32
-525.78 296.32
-525.78 296.32
-525.75 296.32
-525.80 296.32
-525.75 296.32
-525.77 296.32
-525.79 296.32
-525.81 296.32
-525.82 296.32
-525.83 296.32
-525.82 296.32
-525.88 296.32
-525.85 296.29
-525.90 296.29
-525.89 296.29
-525.88 296.32
-525.93 296.29
-525.90 296.29
-525.90 296.32
-525.93 296.32
-525.96 296.32
-525.93 296.32
-525.94 296.32
-525.95 296.32
-525.96 296.32
-525.91 296.32
-525.91 296.32
-525.92 296.32
-525.91 296.32
-525.91 296.32
-525.88 296.32
-525.88 296.32
-525.86 296.32
-525.83 296.32
-525.83 296.32
-525.84 296.32
-525.84 296.32
-525.82 296.32
-525.85 296.32
-525.84 296.32
-525.82 296.32
-525.82 296.32
-525.84 296.32
-525.82 296.32
-525.83 296.32
-525.80 296.32
-525.79 296.32
-525.77 296.32
-525.78 296.32
-525.75 296.32
-525.75 296.32
-525.73 296.32
-525.74 296.32
-525.75 296.32
-525.75 296.32
-525.73 296.32
-525.72 296.32
-525.68 296.32
-525.73 296.32
-525.68 296.32
-525.66 296.32
-525.66 296.32
-525.62 296.32
-525.64 296.32
-525.61 296.32
-525.59 296.32
-525.59 296.32
-525.59 296.32
-525.60 296.32
-525.61 296.32
-525.60 296.32
-525.59 296.32
-525.62 296.32
-525.60 296.32
-525.57 296.32
-525.58 296.32
-525.60 296.32
-525.58 296.32
-525.55 296.32
-525.55 296.32
-525.50 296.32
-525.52 296.32
-525.49 296.32
-525.50 296.32
-525.49 296.32
-525.47 296.32
-525.49 296.32
-525.44 296.32
-525.44 296.32
-525.41 296.32
-525.38 296.32
-525.37 296.32
-525.35 296.32
-525.33 296.32
-525.36 296.32
-525.31 296.32
-525.28 296.32
-525.34 296.32
-525.32 296.32
-525.29 296.32
-525.32 296.32
-525.32 296.32
-525.31 296.32
-525.33 296.32
-525.27 296.32
-525.30 296.32
-525.33 296.32
-525.34 296.32
-525.34 296.32
-525.35 296.32
-525.34 296.32
-525.36 296.32
-525.36 296.32
-525.38 296.32
-525.41 296.32
-525.41 296.32
-525.43 296.32
-525.42 296.32
-525.44 296.32
-525.41 296.32
-525.41 296.32
-525.41 296.29
-525.43 296.32
-525.45 296.32
-525.41 296.32
-525.42 296.32
-525.40 296.32
-525.38 296.29
-525.38 296.32
-525.35 296.32
-525.37 296.32
-525.33 296.32
-525.30 296.32
-525.31 296.32
-525.28 296.29
-525.25 296.29
-525.20 296.32
-525.15 296.32
-525.14 296.32
-525.11 296.32
-525.10 296.32
-525.07 296.32
-525.05 296.32
-525.06 296.32
-525.03 296.32
-525.01 296.32
-525.01 296.32
-525.00 296.32
-524.98 296.32
-525.01 296.32
-524.99 296.32
-524.97 296.32
-524.95 296.32
-524.95 296.32
-524.94 296.32
-524.92 296.32
-524.92 296.32
-524.94 296.32
-524.88 296.32
-524.88 296.32
-524.89 296.32
-524.84 296.32
-524.87 296.32
-524.85 296.32
-524.83 296.32
-524.82 296.32
-524.86 296.32
-524.81 296.32
-524.81 296.32
-524.79 296.32
-524.80 296.32
-524.83 296.32
-524.82 296.32
-524.81 296.32
-524.80 296.32
-524.79 296.32
-524.77 296.32
-524.75 296.32
-524.72 296.32
-524.70 296.32
-524.70 296.32
-524.74 296.32
-524.75 296.32
-524.70 296.32
-524.69 296.32
-524.70 296.32
-524.72 296.32
-524.72 296.32
-524.68 296.32
-524.70 296.32
-524.72 296.32
-524.70 296.32
-524.68 296.32
-524.69 296.32
-524.63 296.32
-524.66 296.32
-524.67 296.32
-524.65 296.32
-524.64 296.32
-524.63 296.32
-524.59 296.32
-524.57 296.32
-524.56 296.32
-524.54 296.32
-524.52 296.32
-524.50 296.32
-524.49 296.32
-524.46 296.32
-524.28 296.32
-524.19 296.32
-524.22 296.32
-524.18 296.32
-524.18 296.32
-524.16 296.32
-524.17 296.32
-524.18 296.32
-524.15 296.32
-524.12 296.29
-524.15 296.32
-524.15 296.32
-524.17 296.32
-524.14 296.32
-524.13 296.32
-524.10 296.32
-524.10 296.32
-524.10 296.29
-524.07 296.32
-524.07 296.32
-524.05 296.32
-524.02 296.32
-524.04 296.29
-524.02 296.32
-524.01 296.32
-524.01 296.29
-523.98 296.32
-523.95 296.32
-523.93 296.32
-523.92 296.29
-523.91 296.29
-523.91 296.32
-523.92 296.32
-523.91 296.32
-523.90 296.32
-523.89 296.32
-523.92 296.32
-523.92 296.32
-523.91 296.32
-523.91 296.29
-523.89 296.29
-523.93 296.29
-523.89 296.32
-523.90 296.32
-523.89 296.29
-523.86 296.32
-523.86 296.32
-523.82 296.32
-523.81 296.32
-523.85 296.32
-523.81 296.32
-523.78 296.32
-523.78 296.32
-523.79 296.32
-523.75 296.29
-523.74 296.32
-523.75 296.32
-523.70 296.32
-523.68 296.32
-523.68 296.32
-523.68 296.32
-523.70 296.32
-523.68 296.29
-523.67 296.32
-523.63 296.32
-523.62 296.32
-523.64 296.32
-523.61 296.32
-523.59 296.32
-523.57 296.32
-523.56 296.29
-523.54 296.32
-523.53 296.32
-523.53 296.32
-523.52 296.32
-523.54 296.32
-523.53 296.32
-523.49 296.32
-523.49 296.32
-523.45 296.32
-523.41 296.32
-523.42 296.32
-523.41 296.32
-523.40 296.32
-523.40 296.32
-523.38 296.32
-523.35 296.32
-523.38 296.32
-523.37 296.32
-523.36 296.32
-523.38 296.32
-523.35 296.32
-523.37 296.32
-523.34 296.32
-523.35 296.32
-523.36 296.32
-523.34 296.32
-523.30 296.32
-523.30 296.32
-523.32 296.32
-523.31 296.32
-523.28 296.32
-523.30 296.32
-523.27 296.32
-523.30 296.32
-523.30 296.32
-523.29 296.32
-523.29 296.32
-523.33 296.32
-523.35 296.32
-523.31 296.32
-523.34 296.32
-523.32 296.32
-523.34 296.32
-523.34 296.32
-523.36 296.32
-523.36 296.32
-523.35 296.32
-523.36 296.36
-523.34 296.32
-523.35 296.32
-523.34 296.32
-523.34 296.32
-523.34 296.32
-523.30 296.32
-523.30 296.32
-523.30 296.32
-523.29 296.32
-523.27 296.32
-523.24 296.32
-523.27 296.32
-523.27 296.32
-523.23 296.32
-523.27 296.32
-523.24 296.32
-523.24 296.32
-523.20 296.32
-523.20 296.32
-523.19 296.32
-523.18 296.32
-523.17 296.32
-523.12 296.32
-523.12 296.32
-523.13 296.32
-523.11 296.32
-523.10 296.32
-523.10 296.32
-523.08 296.32
-523.05 296.32
-523.03 296.32
-522.99 296.32
-522.98 296.32
-522.99 296.32
-522.97 296.32
-522.93 296.32
-522.94 296.32
-522.94 296.32
-522.90 296.32
-522.89 296.32
-522.89 296.32
-522.87 296.32
-522.86 296.32
-522.85 296.32
-522.84 296.32
-522.87 296.32
-522.80 296.32
-522.81 296.32
-522.82 296.32
-522.80 296.32
-522.80 296.32
-522.81 296.32
-522.81 296.32
-522.81 296.32
-522.79 296.32
-522.77 296.32
-522.76 296.32
-522.75 296.32
-522.75 296.32
-522.75 296.32
-522.75 296.32
-522.74 296.32
-522.72 296.32
-522.71 296.32
-522.70 296.32
-522.70 296.32
-522.71 296.32
-522.72 296.32
-522.73 296.29
-522.72 296.29
-522.70 296.32
-522.68 296.32
-522.67 296.32
-522.72 296.32
-522.66 296.32
-522.66 296.32
-522.65 296.32
-522.65 296.32
-522.60 296.32
-522.56 296.32
-522.54 296.32
-522.54 296.32
-522.48 296.29
-522.46 296.32
-522.43 296.29
-522.39 296.32
-522.31 296.29
-522.27 296.29
-522.25 296.32
-522.18 296.32
-522.11 296.29
-522.10 296.29
-522.04 296.32
-521.96 296.29
-521.91 296.29
-521.81 296.29
-521.76 296.29
-521.69 296.32
-521.62 296.32
-521.54 296.32
-521.44 296.32
-521.41 296.32
-521.36 296.29
-521.31 296.29
-521.21 296.29
-521.16 296.32
-521.10 296.29
-521.01 296.32
-520.96 296.29
-520.90 296.32
-520.83 296.32
-520.77 296.32
-520.72 296.29
-520.62 296.29
-520.50 296.32
-520.41 296.32
-520.34 296.29
-520.12 296.29
-520.01 296.32
-519.94 296.32
-519.92 296.29
-519.89 296.32
-519.82 296.32
-519.78 296.32
-519.77 296.29
-519.69 296.29
-519.63 296.32
-519.65 296.32
-519.59 296.32
-519.56 296.32
-519.55 296.32
-519.53 296.32
-519.48 296.32
-519.44 296.32
-519.37 296.32
-519.35 296.29
-519.31 296.32
-519.27 296.29
-519.23 296.32
-519.21 296.32
-519.17 296.32
-519.10 296.32
-519.09 296.32
-519.06 296.29
-519.04 296.32
-519.00 296.29
-518.99 296.32
-518.97 296.29
-518.95 296.32
-518.95 296.32
-518.94 296.32
-518.95 296.32
-518.98 296.29
-519.00 296.29
-519.04 296.29
-519.04 296.32
-519.10 296.29
-519.09 296.29
-519.11 296.32
-519.13 296.32
-519.13 296.29
-519.14 296.29
-519.16 296.29
-519.19 296.32
-519.19 296.29
-519.20 296.29
-519.21 296.29
-519.21 296.29
-519.21 296.29
-519.22 296.29
-519.22 296.32
-519.21 296.29
-519.24 296.29
-519.23 296.29
-519.23 296.29
-519.21 296.29
-519.22 296.29
-519.25 296.29
-519.18 296.29
-519.19 296.29
-519.19 296.32
-519.15 296.32
-519.14 296.29
-519.14 296.29
-519.12 296.29
-519.08 296.29
-519.07 296.29
-519.04 296.29
-519.00 296.29
-518.96 296.29
-518.91 296.32
-518.90 296.29
-518.86 296.29
-518.85 296.29
-518.78 296.29
-518.74 296.29
-518.69 296.29
-518.65 296.29
-518.59 296.29
-518.56 296.29
-518.49 296.29
-518.46 296.29
-518.43 296.29
-518.40 296.29
-518.35 296.29
-518.30 296.29
-518.28 296.29
-518.28 296.29
-518.28 296.29
-518.22 296.29
-518.19 296.29
-518.18 296.29
-518.20 296.29
-518.14 296.29
-518.10 296.29
-518.09 296.29
-518.11 296.29
-518.10 296.29
-518.10 296.29
-518.06 296.29
-518.03 296.29
-518.05 296.29
-518.05 296.29
-518.03 296.29
-518.06 296.29
-518.09 296.29
-518.08 296.29
-518.12 296.29
-518.16 296.29
-518.16 296.29
-518.17 296.29
-518.24 296.29
-518.22 296.29
-518.26 296.29
-518.30 296.29
-518.33 296.29
-518.37 296.29
-518.36 296.29
-518.37 296.29
-518.37 296.29
-518.36 296.29
-518.37 296.29
-518.36 296.29
-518.39 296.29
-518.38 296.29
-518.37 296.29
-518.43 296.29
-518.39 296.29
-518.41 296.29
-518.46 296.29
-518.47 296.29
-518.48 296.29
-518.50 296.29
-518.55 296.29
-518.57 296.29
-518.59 296.29
-518.57 296.29
-518.61 296.29
-518.64 296.32
-518.68 296.32
-518.71 296.29
-518.72 296.32
-518.72 296.32
-518.78 296.29
-518.83 296.32
-518.85 296.32
-518.85 296.32
-518.88 296.32
-518.92 296.32
-518.94 296.32
-518.96 296.32
-518.98 296.29
-519.01 296.29
-519.02 296.29
-519.02 296.29
-519.05 296.29
-519.04 296.29
-519.05 296.29
-519.04 296.29
-519.07 296.29
-519.07 296.29
-519.06 296.29
-519.06 296.29
-519.05 296.29
-519.05 296.29
-519.06 296.29
-519.06 296.29
-519.04 296.29
-519.02 296.29
-519.03 296.29
-518.97 296.29
-518.97 296.29
-518.95 296.29
-518.91 296.29
-518.88 296.29
-518.83 296.29
-518.79 296.29
-518.79 296.29
-518.78 296.29
-518.73 296.29
-518.68 296.29
-518.66 296.29
-518.67 296.29
-518.63 296.29
-518.61 296.29
-518.66 296.29
-518.62 296.29
-518.62 296.29
-518.57 296.29
-518.59 296.29
-518.55 296.29
-518.57 296.29
-518.58 296.29
-518.57 296.29
-518.57 296.29
-518.55 296.29
-518.52 296.29
-518.54 296.29
-518.52 296.29
-518.53 296.29
-518.54 296.29
-518.54 296.29
-518.54 296.29
-518.54 296.29
-518.52 296.29
-518.54 296.29
-518.53 296.29
-518.55 296.25
-518.59 296.29
-518.57 296.29
-518.57 296.25
-518.56 296.25
-518.57 296.29
-518.59 296.29
-518.59 296.29
-518.58 296.29
-518.59 296.29
-518.60 296.29
-518.63 296.29
-518.63 296.29
-518.61 296.29
-518.62 296.29
-518.61 296.29
-518.61 296.29
-518.58 296.29
-518.56 296.29
-518.53 296.29
-518.55 296.29
-518.47 296.29
-518.48 296.29
-518.40 296.29
-518.40 296.25
-518.38 296.29
-518.36 296.29
-518.33 296.25
-518.25 296.29
-518.23 296.29
-518.21 296.29
-518.22 296.29
-518.15 296.29
-518.12 296.29
-518.09 296.29
-518.04 296.29
-518.03 296.25
-517.98 296.29
-517.94 296.25
-517.93 296.25
-517.90 296.29
-517.88 296.25
-517.86 296.25
-517.81 296.25
-517.79 296.29
-517.78 296.29
-517.79 296.25
-517.74 296.25
-517.76 296.25
-517.70 296.25
-517.77 296.29
-517.74 296.25
-517.75 296.25
-517.77 296.25
-517.80 296.25
-517.77 296.25
-517.74 296.25
-517.77 296.25
-517.80 296.25
-517.82 296.25
-517.83 296.25
-517.83 296.25
-517.82 296.25
-517.84 296.25
-517.84 296.25
-517.85 296.25
-517.83 296.25
-517.83 296.25
-517.85 296.25
-517.83 296.25
-517.84 296.25
-517.82 296.25
-517.83 296.25
-517.81 296.25
-517.81 296.25
-517.79 296.25
-517.79 296.25
-517.79 296.25
-517.79 296.25
-517.77 296.25
-517.74 296.25
-517.73 296.25
-517.72 296.25
-517.70 296.25
-517.68 296.29
-517.67 296.25
-517.65 296.29
-517.65 296.25
-517.62 296.25
-517.60 296.25
-517.61 296.25
-517.58 296.25
-517.58 296.29
-517.56 296.25
-517.53 296.25
-517.54 296.25
-517.50 296.25
-517.47 296.25
-517.49 296.25
-517.53 296.25
-517.47 296.25
-517.44 296.25
-517.43 296.25
-517.43 296.25
-517.44 296.25
-517.46 296.25
-517.47 296.25
-517.49 296.25
-517.49 296.25
-517.51 296.25
-517.52 296.25
-517.58 296.25
-517.61 296.25
-517.62 296.25
-517.63 296.25
-517.65 296.25
-517.64 296.25
-517.70 296.25
-517.70 296.25
-517.72 296.25
-517.68 296.25
-517.68 296.25
-517.69 296.25
-517.68 296.25
-517.72 296.25
-517.70 296.25
-517.68 296.25
-517.68 296.25
-517.72 296.25
-517.67 296.25
-517.69 296.25
-517.69 296.25
-517.70 296.25
-517.69 296.25
-517.70 296.25
-517.70 296.25
-517.75 296.25
-517.74 296.25
-517.74 296.25
-517.76 296.25
-517.77 296.25
-517.78 296.25
-517.80 296.25
-517.84 296.25
-517.85 296.25
-517.83 296.25
-517.81 296.25
-517.84 296.25
-517.86 296.25
-517.86 296.25
-517.83 296.25
-517.84 296.25
-517.82 296.25
-517.79 296.25
-517.78 296.25
-517.77 296.25
-517.72 296.29
-517.68 296.25
-517.66 296.25
-517.62 296.25
-517.61 296.25
-517.57 296.25
-517.57 296.25
-517.52 296.25
-517.51 296.25
-517.44 296.25
-517.44 296.25
-517.43 296.25
-517.43 296.25
-517.42 296.29
-517.41 296.25
-517.40 296.25
-517.38 296.25
-517.40 296.25
-517.38 296.25
-517.38 296.29
-517.38 296.29
-517.34 296.25
-517.37 296.25
-517.37 296.25
-517.35 296.25
-517.35 296.25
-517.34 296.29
-517.36 296.25
-517.36 296.25
-517.35 296.25
-517.36 296.25
-517.38 296.25
-517.39 296.25
-517.40 296.25
-517.40 296.25
-517.39 296.25
-517.44 296.25
-517.43 296.25
-517.43 296.29
-517.45 296.25
-517.43 296.29
-517.46 296.25
-517.43 296.29
-517.42 296.25
-517.39 296.29
-517.38 296.25
-517.40 296.29
-517.35 296.29
-517.35 296.25
-517.37 296.29
-517.35 296.25
-517.32 296.25
-517.31 296.25
-517.30 296.29
-517.33 296.25
-517.30 296.25
-517.32 296.25
-517.33 296.25
-517.31 296.25
-517.35 296.25
-517.36 296.25
-517.37 296.25
-517.39 296.25
-517.37 296.25
-517.37 296.25
-517.34 296.25
-517.35 296.25
-517.39 296.25
-517.40 296.25
-517.38 296.25
-517.41 296.25
-517.43 296.25
-517.43 296.25
-517.43 296.25
-517.43 296.25
-517.41 296.25
-517.40 296.25
-517.33 296.25
-517.29 296.25
-517.25 296.25
-517.21 296.25
-517.19 296.25
-517.16 296.25
-517.10 296.25
-517.08 296.25
-517.04 296.25
-517.02 296.25
-516.94 296.25
-516.92 296.25
-516.90 296.25
-516.91 296.25
-516.85 296.25
-516.84 296.25
-516.85 296.25
-516.84 296.25
-516.80 296.25
-516.82 296.25
-516.79 296.25
-516.77 296.25
-516.80 296.25
-516.79 296.25
-516.79 296.25
-516.78 296.25
-516.77 296.25
-516.78 296.25
-516.85 296.25
-516.84 296.25
-516.89 296.25
-516.94 296.25
-516.90 296.25
-516.91 296.25
-516.92 296.25
-516.89 296.21
-516.86 296.21
-516.83 296.25
-516.79 296.21
-516.71 296.25
-516.67 296.25
-516.61 296.21
-516.54 296.25
-516.47 296.21
-516.46 296.21
-516.42 296.21
-516.36 296.25
-516.31 296.21
-516.27 296.21
-516.23 296.21
-516.22 296.21
-516.21 296.21
-516.20 296.21
-516.18 296.21
-516.18 296.21
-516.16 296.21
-516.15 296.21
-516.15 296.21
-516.18 296.21
-516.16 296.21
-516.15 296.21
-516.12 296.21
-516.15 296.21
-516.10 296.25
-516.13 296.21
-516.10 296.21
-516.08 296.25
-516.02 296.25
-515.97 296.25
-515.92 296.25
-515.89 296.25
-515.89 296.25
-515.81 296.25
-515.78 296.25
-515.77 296.25
-515.72 296.25
-515.72 296.21
-515.69 296.25
-515.69 296.25
-515.66 296.21
-515.62 296.25
-515.62 296.25
-515.57 296.21
-515.55 296.25
-515.50 296.25
-515.49 296.25
-515.45 296.25
-515.38 296.25
-515.34 296.25
-515.34 296.21
-515.31 296.21
-515.29 296.25
-515.23 296.25
-515.23 296.21
-515.18 296.21
-515.15 296.25
-515.16 296.25
-515.15 296.21
-515.14 296.21
-515.11 296.25
-515.07 296.21
-515.10 296.21
-515.11 296.21
-515.12 296.21
-515.16 296.25
-515.14 296.25
-515.15 296.21
-515.16 296.21
-515.21 296.25
-515.22 296.21
-515.23 296.21
-515.24 296.21
-515.27 296.21
-515.32 296.21
-515.30 296.25
-515.31 296.21
-515.31 296.21
-515.34 296.21
-515.35 296.21
-515.35 296.25
-515.37 296.25
-515.38 296.25
-515.41 296.21
-515.37 296.21
-515.37 296.25
-515.39 296.21
-515.43 296.21
-515.42 296.25
-515.45 296.25
-515.48 296.25
-515.46 296.25
-515.49 296.25
-515.51 296.25
-515.55 296.25
-515.56 296.21
-515.59 296.25
-515.59 296.25
-515.63 296.25
-515.64 296.25
-515.63 296.25
-515.68 296.25
-515.67 296.25
-515.69 296.25
-515.69 296.25
-515.71 296.25
-515.76 296.25
-515.79 296.25
-515.79 296.21
-515.77 296.25
-515.78 296.25
-515.80 296.25
-515.78 296.21
-515.78 296.25
-515.77 296.21
-515.77 296.25
-515.77 296.25
-515.72 296.21
-515.68 296.25
-515.67 296.21
-515.69 296.25
-515.69 296.25
-515.64 296.21
-515.64 296.25
-515.65 296.21
-515.61 296.21
-515.63 296.25
-515.59 296.21
-515.59 296.21
-515.60 296.25
-515.61 296.21
-515.60 296.21
-515.63 296.21
-515.64 296.21
-515.67 296.21
-515.72 296.21
-515.71 296.21
-515.74 296.21
-515.78 296.21
-515.81 296.21
-515.84 296.21
-515.86 296.21
-515.86 296.21
-515.87 296.21
-515.87 296.21
-515.83 296.21
-515.79 296.21
-515.74 296.21
-515.68 296.21
-515.69 296.21
-515.64 296.21
-515.60 296.21
-515.54 296.21
-515.46 296.21
-515.40 296.21
-515.37 296.21
-515.32 296.21
-515.26 296.21
-515.20 296.21
-515.15 296.21
-515.12 296.21
-515.10 296.21
-515.04 296.21
-514.99 296.21
-514.97 296.21
-514.93 296.21
-514.87 296.21
-514.86 296.21
-514.83 296.21
-514.81 296.21
-514.78 296.21
-514.74 296.21
-514.70 296.21
-514.69 296.21
-514.67 296.21
-514.65 296.21
-514.65 296.21
-514.66 296.21
-514.62 296.21
-514.57 296.21
-514.56 296.21
-514.56 296.21
-514.54 296.21
-514.54 296.21
-514.51 296.21
-514.50 296.21
-514.49 296.21
-514.51 296.21
-514.51 296.21
-514.49 296.21
-514.47 296.21
-514.47 296.21
-514.43 296.21
-514.42 296.21
-514.43 296.21
-514.40 296.21
-514.36 296.21
-514.34 296.21
-514.34 296.21
-514.34 296.21
-514.31 296.18
-514.27 296.21
-514.22 296.18
-514.23 296.21
-514.22 296.21
-514.15 296.21
-514.14 296.21
-514.13 296.18
-514.09 296.21
-514.08 296.18
-514.05 296.21
-514.01 296.18
-513.97 296.21
-513.97 296.21
-513.94 296.21
-513.92 296.21
-513.94 296.21
-513.90 296.21
-513.86 296.18
-513.84 296.21
-513.82 296.21
-513.85 296.21
-513.83 296.21
-513.81 296.21
-513.81 296.21
-513.80 296.21
-513.83 296.21
-513.85 296.21
-513.85 296.21
-513.83 296.21
-513.82 296.21
-513.82 296.21
-513.83 296.21
-513.82 296.21
-513.79 296.21
-513.81 296.21
-513.82 296.18
-513.83 296.18
-513.82 296.21
-513.83 296.21
-513.86 296.21
-513.90 296.18
-513.96 296.21
-513.99 296.21
-514.02 296.21
-514.00 296.21
-514.02 296.21
-514.01 296.21
-514.05 296.21
-514.09 296.18
-514.11 296.18
-514.14 296.21
-514.12 296.18
-514.13 296.18
-514.17 296.21
-514.17 296.18
-514.19 296.21
-514.21 296.21
-514.24 296.18
-514.23 296.18
-514.23 296.21
-514.22 296.21
-514.22 296.21
-514.20 296.18
-514.18 296.21
-514.16 296.21
-514.14 296.18
-514.14 296.21
-514.10 296.21
-514.05 296.21
-514.02 296.21
-514.00 296.21
-513.97 296.21
-513.97 296.21
-513.91 296.21
-513.87 296.21
-513.87 296.21
-513.90 296.21
-513.90 296.18
-513.91 296.18
-513.94 296.21
-513.92 296.21
-513.92 296.21
-513.93 296.21
-513.92 296.21
-513.92 296.18
-513.92 296.21
-513.92 296.21
-513.93 296.21
-513.92 296.18
-513.88 296.21
-513.87 296.18
-513.84 296.18
-513.84 296.18
-513.81 296.18
-513.80 296.18
-513.78 296.18
-513.77 296.18
-513.76 296.18
-513.78 296.18
-513.76 296.18
-513.75 296.18
-513.76 296.18
-513.75 296.18
-513.77 296.18
-513.73 296.18
-513.72 296.18
-513.73 296.18
-513.71 296.18
-513.71 296.18
-513.73 296.18
-513.73 296.18
-513.74 296.18
-513.78 296.18
-513.77 296.18
-513.80 296.18
-513.83 296.18
-513.88 296.21
-513.88 296.18
-513.89 296.18
-513.96 296.18
-513.97 296.18
-513.97 296.18
-513.96 296.18
-513.98 296.18
-514.00 296.18
-513.99 296.18
-513.93 296.18
-513.97 296.18
-513.93 296.18
-513.91 296.18
-513.92 296.18
-513.92 296.18
-513.90 296.18
-513.87 296.18
-513.92 296.18
-513.91 296.18
-513.90 296.18
-513.94 296.18
-513.94 296.18
-513.95 296.18
-514.01 296.18
-514.02 296.18
-514.02 296.18
-514.05 296.18
-514.03 296.18
-514.05 296.18
-514.10 296.18
-514.08 296.18
-514.12 296.18
-514.13 296.18
-514.14 296.18
-514.15 296.18
-514.16 296.18
-514.12 296.18
-514.14 296.18
-514.13 296.18
-514.12 296.18
-514.14 296.18
-514.13 296.18
-514.10 296.18
-514.12 296.18
-514.11 296.18
-514.13 296.18
-514.08 296.18
-514.08 296.18
-514.08 296.18
-514.06 296.18
-514.08 296.18
-514.09 296.18
-514.07 296.18
-514.09 296.18
-514.11 296.18
-514.10 296.18
-514.13 296.18
-514.13 296.18
-514.12 296.18
-514.11 296.18
-514.12 296.18
-514.13 296.18
-514.14 296.18
-514.14 296.18
-514.12 296.18
-514.11 296.18
-514.10 296.18
-514.12 296.18
-514.08 296.18
-514.07 296.18
-514.07 296.18
-514.06 296.18
-514.06 296.18
-514.03 296.18
-514.05 296.18
-514.08 296.18
-514.10 296.18
-514.07 296.18
-514.04 296.18
-514.06 296.18
-514.07 296.18
-514.01 296.18
-514.03 296.18
-514.01 296.18
-514.01 296.18
-513.99 296.18
-513.98 296.18
-513.98 296.18
-513.97 296.18
-513.92 296.18
-513.92 296.18
-513.93 296.18
-513.87 296.18
-513.88 296.18
-513.85 296.18
-513.80 296.18
-513.80 296.18
-513.79 296.18
-513.77 296.18
-513.77 296.18
-513.75 296.18
-513.71 296.18
-513.71 296.18
-513.68 296.18
-513.66 296.18
-513.63 296.18
-513.65 296.18
-513.58 296.18
-513.57 296.18
-513.51 296.18
-513.49 296.18
-513.43 296.18
-513.40 296.18
-513.37 296.18
-513.35 296.18
-513.34 296.18
-513.30 296.18
-513.26 296.18
-513.25 296.18
-513.22 296.18
-513.23 296.18
-513.18 296.18
-513.16 296.18
-513.13 296.18
-513.13 296.18
-513.08 296.18
-513.10 296.18
-513.09 296.18
-513.09 296.18
-513.05 296.18
-513.00 296.18
-513.01 296.18
-512.98 296.18
-512.94 296.18
-512.94 296.18
-512.91 296.18
-512.89 296.18
-512.89 296.18
-512.87 296.18
-512.87 296.18
-512.91 296.18
-512.91 296.18
-512.91 296.18
-512.92 296.18
-512.93 296.18
-512.96 296.18
-512.98 296.18
-512.98 296.18
-513.01 296.18
-513.03 296.18
-513.05 296.18
-513.04 296.18
-513.07 296.18
-513.07 296.18
-513.05 296.18
-513.00 296.18
-513.00 296.18
-512.98 296.18
-512.98 296.18
-512.94 296.18
-512.92 296.18
-512.90 296.18
-512.90 296.18
-512.87 296.18
-512.86 296.18
-512.83 296.18
-512.83 296.18
-512.85 296.18
-512.83 296.18
-512.82 296.18
-512.81 296.18
-512.81 296.18
-512.82 296.18
-512.80 296.18
-512.80 296.18
-512.82 296.18
-512.83 296.18
-512.81 296.18
-512.83 296.18
-512.83 296.18
-512.87 296.18
-512.90 296.18
-512.93 296.18
-512.97 296.18
-512.98 296.18
-512.99 296.18
-513.02 296.18
-513.06 296.18
-513.10 296.18
-513.11 296.18
-513.14 296.18
-513.19 296.18
-513.18 296.18
-513.19 296.18
-513.23 296.18
-513.24 296.18
-513.25 296.18
-513.26 296.18
-513.27 296.18
-513.30 296.18
-513.28 296.18
-513.31 296.18
-513.25 296.18
-513.26 296.18
-513.24 296.18
-513.24 296.18
-513.21 296.18
-513.17 296.18
-513.15 296.18
-513.14 296.18
-513.13 296.18
-513.11 296.18
-513.06 296.18
-513.02 296.18
-513.01 296.18
-512.97 296.18
-512.93 296.18
-512.91 296.18
-512.85 296.18
-512.87 296.18
-512.84 296.18
-512.84 296.18
-512.84 296.18
-512.82 296.18
-512.79 296.18
-512.77 296.18
-512.79 296.18
-512.77 296.18
-512.76 296.18
-512.74 296.18
-512.71 296.18
-512.68 296.18
-512.65 296.18
-512.61 296.18
-512.61 296.18
-512.57 296.18
-512.52 296.18
-512.52 296.18
-512.51 296.18
-512.45 296.18
-512.40 296.18
-512.38 296.18
-512.41 296.18
-512.38 296.18
-512.34 296.18
-512.35 296.18
-512.33 296.18
-512.33 296.18
-512.32 296.18
-512.34 296.18
-512.35 296.18
-512.33 296.18
-512.32 296.18
-512.32 296.18
-512.31 296.18
-512.36 296.18
-512.34 296.18
-512.36 296.18
-512.35 296.18
-512.37 296.18
-512.41 296.18
-512.44 296.18
-512.45 296.18
-512.46 296.18
-512.46 296.18
-512.51 296.18
-512.51 296.18
-512.54 296.18
-512.53 296.18
-512.56 296.18
-512.56 296.18
-512.55 296.18
-512.57 296.18
-512.52 296.18
-512.52 296.18
-512.51 296.18
-512.52 296.18
-512.50 296.18
-512.49 296.18
-512.49 296.18
-512.48 296.18
-512.45 296.18
-512.46 296.18
-512.44 296.18
-512.48 296.18
-512.44 296.18
-512.45 296.18
-512.40 296.18
-512.45 296.18
-512.46 296.18
-512.47 296.18
-512.47 296.18
-512.47 296.18
-512.47 296.18
-512.51 296.18
-512.55 296.18
-512.55 296.18
-512.58 296.18
-512.60 296.18
-512.60 296.18
-512.63 296.18
-512.62 296.18
-512.66 296.18
-512.69 296.18
-512.66 296.18
-512.69 296.18
-512.70 296.18
-512.72 296.18
-512.69 296.18
-512.69 296.18
-512.69 296.18
-512.69 296.18
-512.69 296.18
-512.67 296.18
-512.67 296.18
-512.67 296.18
-512.65 296.18
-512.67 296.18
-512.64 296.18
-512.67 296.18
-512.65 296.18
-512.67 296.18
-512.67 296.18
-512.70 296.18
-512.67 296.18
-512.67 296.18
-512.68 296.18
-512.69 296.18
-512.69 296.18
-512.71 296.18
-512.72 296.18
-512.74 296.18
-512.74 296.18
-512.75 296.18
-512.78 296.18
-512.76 296.18
-512.75 296.18
-512.75 296.18
-512.75 296.18
-512.76 296.18
-512.78 296.18
-512.74 296.18
-512.74 296.18
-512.75 296.18
-512.70 296.14
-512.70 296.18
-512.69 296.14
-512.71 296.18
-512.69 296.18
-512.71 296.14
-512.72 296.14
-512.71 296.18
-512.69 296.18
-512.67 296.18
-512.67 296.14
-512.63 296.18
-512.61 296.18
-512.60 296.14
-512.57 296.14
-512.55 296.18
-512.51 296.14
-512.50 296.14
-512.50 296.14
-512.44 296.14
-512.44 296.14
-512.39 296.18
-512.35 296.14
-512.33 296.14
-512.32 296.18
-512.30 296.14
-512.26 296.14
-512.21 296.14
-512.20 296.14
-512.19 296.18
-512.13 296.14
-512.12 296.18
-512.06 296.18
-512.08 296.18
-512.06 296.18
-512.05 296.18
-511.98 296.18
-511.99 296.14
-511.98 296.18
-511.91 296.14
-511.86 296.18
-511.87 296.18
-511.83 296.18
-511.83 296.18
-511.80 296.18
-511.74 296.14
-511.73 296.14
-511.70 296.18
-511.66 296.18
-511.65 296.18
-511.62 296.18
-511.57 296.18
-511.56 296.18
-511.55 296.18
-511.53 296.18
-511.51 296.18
-511.47 296.18
-511.50 296.18
-511.56 296.18
-511.52 296.18
-511.52 296.18
-511.54 296.18
-511.55 296.18
-511.55 296.18
-511.57 296.18
-511.54 296.18
-511.54 296.18
-511.53 296.18
-511.53 296.18
-511.53 296.18
-511.51 296.18
-511.52 296.18
-511.52 296.18
-511.52 296.18
-511.52 296.18
-511.52 296.18
-511.54 296.18
-511.55 296.18
-511.59 296.18
-511.62 296.18
-511.64 296.18
-511.66 296.18
-511.66 296.14
-511.68 296.18
-511.70 296.18
-511.71 296.18
-511.74 296.18
-511.75 296.18
-511.80 296.18
-511.83 296.18
-511.82 296.14
-511.81 296.18
-511.82 296.18
-511.83 296.14
-511.85 296.18
-511.85 296.18
-511.86 296.18
-511.89 296.18
-511.91 296.18
-511.90 296.18
-511.91 296.14
-511.92 296.18
-511.95 296.18
-511.99 296.18
-512.00 296.18
-512.00 296.18
-512.05 296.18
-512.05 296.18
-512.10 296.18
-512.11 296.18
-512.13 296.18
-512.19 296.18
-512.18 296.18
-512.15 296.18
-512.17 296.18
-512.20 296.18
-512.22 296.18
-512.20 296.18
-512.21 296.18
-512.19 296.18
-512.18 296.18
-512.16 296.18
-512.16 296.18
-512.14 296.18
-512.17 296.18
-512.19 296.18
-512.19 296.18
-512.21 296.18
-512.23 296.18
-512.25 296.18
-512.25 296.18
-512.26 296.18
-512.28 296.18
-512.33 296.18
-512.34 296.21
-512.39 296.18
-512.39 296.18
-512.40 296.18
-512.39 296.18
-512.39 296.18
-512.43 296.21
-512.42 296.18
-512.44 296.21
-512.46 296.21
-512.46 296.21
-512.44 296.21
-512.42 296.21
-512.39 296.21
-512.39 296.21
-512.37 296.21
-512.32 296.21
-512.32 296.21
-512.32 296.21
-512.31 296.21
-512.33 296.21
-512.29 296.21
-512.27 296.21
-512.29 296.21
-512.22 296.21
-512.24 296.21
-512.22 296.21
-512.20 296.21
-512.18 296.21
-512.19 296.21
-512.20 296.21
-512.20 296.21
-512.19 296.21
-512.23 296.21
-512.26 296.21
-512.27 296.21
-512.25 296.21
-512.28 296.21
-512.29 296.21
-512.30 296.21
-512.28 296.21
-512.28 296.21
-512.28 296.21
-512.27 296.21
-512.28 296.21
-512.26 296.21
-512.30 296.21
-512.30 296.21
-512.25 296.21
-512.23 296.21
-512.24 296.21
-512.22 296.21
-512.19 296.21
-512.24 296.21
-512.22 296.21
-512.21 296.21
-512.20 296.21
-512.15 296.21
-512.17 296.21
-512.14 296.21
-512.12 296.21
-512.14 296.21
-512.12 296.21
-512.12 296.21
-512.06 296.21
-512.07 296.21
-512.06 296.21
-512.07 296.21
-512.06 296.21
-512.04 296.21
-512.02 296.21
-512.04 296.21
-512.02 296.21
-512.01 296.21
-512.04 296.21
-512.00 296.21
-512.03 296.21
-512.00 296.21
-512.03 296.21
-511.97 296.21
-511.98 296.21
-511.95 296.21
-511.88 296.21
-511.85 296.21
-511.85 296.21
-511.83 296.21
-511.80 296.21
-511.75 296.21
-511.72 296.21
-511.67 296.21
-511.63 296.21
-511.61 296.21
-511.59 296.21
-511.52 296.21
-511.51 296.21
-511.52 296.21
-511.51 296.21
-511.46 296.21
-511.47 296.21
-511.46 296.21
-511.48 296.21
-511.50 296.21
-511.51 296.21
-511.51 296.21
-511.51 296.21
-511.49 296.21
-511.54 296.21
-511.55 296.21
-511.56 296.21
-511.57 296.21
-511.58 296.21
-511.59 296.21
-511.61 296.21
-511.61 296.21
-511.64 296.21
-511.69 296.21
-511.70 296.21
-511.71 296.21
-511.71 296.21
-511.77 296.21
-511.74 296.21
-511.77 296.21
-511.78 296.21
-511.78 296.21
-511.76 296.21
-511.75 296.21
-511.77 296.21
-511.79 296.21
-511.77 296.21
-511.73 296.21
-511.75 296.21
-511.73 296.21
-511.75 296.21
-511.76 296.21
-511.75 296.21
-511.72 296.21
-511.72 296.21
-511.71 296.21
-511.73 296.21
-511.72 296.21
-511.72 296.21
-511.73 296.21
-511.76 296.21
-511.75 296.21
-511.77 296.21
-511.78 296.21
-511.82 296.21
-511.83 296.21
-511.84 296.21
-511.87 296.21
-511.85 296.21
-511.87 296.21
-511.89 296.21
-511.88 296.21
-511.87 296.21
-511.89 296.21
-511.90 296.21
-511.94 296.21
-511.91 296.21
-511.92 296.21
-511.94 296.21
-511.93 296.21
-511.97 296.21
-511.98 296.21
-512.01 296.21
-512.02 296.21
-512.02 296.21
-512.01 296.21
-512.02 296.21
-512.02 296.21
-512.02 296.21
-512.04 296.21
-512.06 296.21
-512.02 296.21
-512.07 296.21
-512.11 296.21
-512.09 296.21
-512.10 296.21
-512.10 296.21
-512.14 296.21
-512.09 296.21
-512.09 296.21
-512.07 296.21
-512.03 296.21
-512.01 296.21
-512.00 296.21
-511.94 296.21
-511.93 296.21
-511.91 296.21
-511.86 296.21
-511.80 296.21
-511.78 296.21
-511.75 296.21
-511.68 296.21
-511.68 296.21
-511.63 296.21
-511.58 296.21
-511.52 296.21
-511.49 296.21
-511.46 296.21
-511.42 296.21
-511.38 296.21
-511.34 296.21
-511.30 296.21
-511.29 296.21
-511.29 296.21
-511.25 296.21
-511.22 296.21
-511.22 296.21
-511.19 296.21
-511.17 296.21
-511.15 296.21
-511.11 296.21
-511.07 296.21
-511.05 296.21
-511.06 296.21
-511.06 296.21
-511.00 296.21
-511.05 296.21
-511.01 296.21
-511.00 296.21
-511.00 296.21
-510.98 296.21
-510.94 296.21
-510.93 296.21
-510.91 296.21
-510.89 296.21
-510.87 296.21
-510.85 296.21
-510.83 296.21
-510.85 296.21
-510.83 296.21
-510.82 296.21
-510.80 296.21
-510.77 296.21
-510.77 296.21
-510.76 296.21
-510.73 296.21
-510.71 296.21
-510.71 296.21
-510.74 296.21
-510.72 296.21
-510.71 296.21
-510.72 296.21
-510.75 296.21
-510.71 296.21
-510.72 296.21
-510.71 296.21
-510.72 296.21
-510.74 296.21
-510.77 296.21
-510.74 296.21
-510.72 296.21
-510.69 296.21
-510.68 296.21
-510.68 296.21
-510.66 296.21
-510.63 296.21
-510.62 296.21
-510.61 296.21
-510.60 296.21
-510.61 296.21
-510.57 296.21
-510.55 296.21
-510.56 296.21
-510.53 296.21
-510.50 296.21
-510.49 296.21
-510.50 296.21
-510.49 296.21
-510.47 296.21
-510.41 296.21
-510.38 296.21
-510.37 296.21
-510.33 296.21
-510.32 296.21
-510.25 296.21
-510.20 296.21
-510.19 296.21
-510.15 296.21
-510.10 296.21
-510.08 296.21
-510.05 296.21
-510.04 296.21
-510.03 296.21
-510.01 296.21
-509.99 296.21
-509.95 296.18
-509.96 296.21
-509.95 296.21
-509.97 296.21
-509.98 296.21
-509.98 296.21
-510.02 296.18
-510.03 296.21
-510.02 296.21
-510.02 296.21
-510.05 296.18
-510.09 296.21
-510.14 296.18
-510.08 296.18
-510.11 296.18
-510.13 296.18
-510.11 296.18
-510.13 296.18
-510.10 296.18
-510.13 296.18
-510.10 296.18
-510.12 296.18
-510.11 296.18
-510.11 296.18
-510.14 296.18
-510.17 296.18
-510.21 296.18
-510.19 296.18
-510.19 296.18
-510.19 296.18
-510.17 296.18
-510.21 296.18
-510.23 296.18
-510.21 296.18
-510.18 296.18
-510.18 296.18
-510.17 296.18
-510.19 296.18
-510.16 296.18
-510.18 296.18
-510.21 296.18
-510.19 296.18
-510.20 296.18
-510.17 296.18
-510.15 296.21
-510.14 296.18
-510.14 296.21
-510.18 296.18
-510.18 296.18
-510.14 296.18
-510.15 296.18
-510.12 296.21
-510.11 296.18
-510.14 296.21
-510.12 296.21
-510.12 296.18
-510.10 296.18
-510.07 296.21
-510.08 296.21
-510.06 296.21
-510.03 296.21
-510.02 296.21
-510.05 296.21
-510.04 296.21
-510.05 296.21
-510.02 296.21
-510.05 296.21
-510.05 296.21
-510.07 296.21
-510.08 296.21
-510.08 296.21
-510.11 296.21
-510.12 296.21
-510.14 296.21
-510.11 296.21
-510.14 296.21
-510.15 296.21
-510.13 296.21
-510.13 296.21
-510.15 296.21
-510.18 296.21
-510.16 296.21
-510.17 296.21
-510.17 296.21
-510.15 296.21
-510.15 296.18
-510.18 296.21
-510.15 296.21
-510.15 296.21
-510.16 296.21
-510.15 296.21
-510.14 296.18
-510.14 296.21
-510.13 296.21
-510.08 296.21
-510.13 296.21
-510.09 296.18
-510.11 296.21
-510.06 296.21
-510.04 296.18
-510.03 296.21
-509.98 296.21
-510.01 296.21
-510.00 296.21
-509.98 296.21
-509.97 296.21
-509.96 296.21
-509.97 296.21
-510.00 296.21
-509.95 296.21
-509.95 296.21
-509.94 296.21
-509.92 296.21
-509.90 296.21
-509.88 296.21
-509.86 296.21
-509.84 296.21
-509.84 296.21
-509.83 296.21
-509.84 296.21
-509.86 296.21
-509.83 296.21
-509.81 296.21
-509.79 296.21
-509.76 296.21
-509.73 296.21
-509.68 296.21
-509.71 296.21
-509.70 296.21
-509.65 296.21
-509.60 296.21
-509.58 296.21
-509.59 296.21
-509.55 296.21
-509.51 296.21
-509.47 296.21
-509.46 296.21
-509.44 296.21
-509.39 296.21
-509.36 296.21
-509.37 296.21
-509.36 296.21
-509.31 296.21
-509.30 296.21
-509.30 296.21
-509.29 296.21
-509.27 296.21
-509.27 296.21
-509.26 296.21
-509.25 296.21
-509.24 296.21
-509.17 296.21
-509.21 296.21
-509.14 296.21
-509.16 296.21
-509.14 296.21
-509.15 296.21
-509.13 296.21
-509.11 296.21
-509.10 296.21
-509.12 296.21
-509.11 296.21
-509.11 296.21
-509.07 296.21
-509.09 296.21
-509.07 296.21
-509.11 296.21
-509.08 296.21
-509.05 296.21
-509.06 296.21
-509.06 296.21
-509.05 296.21
-509.02 296.21
-509.04 296.21
-509.02 296.21
-509.00 296.21
-509.03 296.21
-509.01 296.21
-509.06 296.21
-509.02 296.21
-509.06 296.21
-509.05 296.21
-509.05 296.21
-509.06 296.21
-509.07 296.21
-509.12 296.21
-509.11 296.21
-509.09 296.21
-509.12 296.21
-509.12 296.21
-509.12 296.21
-509.13 296.21
-509.14 296.21
-509.13 296.21
-509.14 296.21
-509.13 296.21
-509.14 296.21
-509.08 296.21
-509.09 296.21
-509.08 296.21
-509.06 296.21
-509.02 296.21
-509.00 296.21
-508.99 296.18
-508.93 296.21
-508.92 296.21
-508.86 296.21
-508.88 296.21
-508.84 296.21
-508.80 296.21
-508.77 296.21
-508.73 296.21
-508.71 296.21
-508.74 296.21
-508.72 296.21
-508.66 296.21
-508.66 296.21
-508.63 296.21
-508.64 296.21
-508.64 296.21
-508.64 296.21
-508.65 296.21
-508.63 296.21
-508.66 296.21
-508.67 296.21
-508.67 296.21
-508.68 296.21
-508.74 296.21
-508.79 296.21
-508.81 296.21
-508.84 296.21
-508.88 296.18
-508.91 296.21
-508.93 296.21
-508.93 296.21
-508.96 296.21
-509.00 296.21
-508.99 296.21
-509.00 296.21
-509.02 296.21
-509.04 296.21
-509.09 296.21
-509.10 296.21
-509.12 296.21
-509.14 296.21
-509.18 296.21
-509.17 296.21
-509.21 296.21
-509.21 296.21
-509.25 296.21
-509.25 296.21
-509.30 296.18
-509.28 296.21
-509.28 296.21
-509.27 296.21
-509.25 296.21
-509.27 296.21
-509.28 296.21
-509.29 296.21
-509.31 296.21
-509.36 296.21
-509.39 296.21
-509.40 296.21
-509.44 296.21
-509.46 296.21
-509.49 296.21
-509.53 296.21
-509.53 296.21
-509.55 296.21
-509.59 296.21
-509.62 296.21
-509.64 296.21
-509.68 296.21
-509.67 296.21
-509.67 296.21
-509.73 296.21
-509.71 296.21
-509.69 296.21
-509.67 296.21
-509.66 296.21
-509.62 296.21
-509.55 296.21
-509.53 296.21
-509.48 296.21
-509.43 296.21
-509.41 296.21
-509.37 296.21
-509.33 296.21
-509.29 296.21
-509.26 296.21
-509.23 296.21
-509.22 296.21
-509.15 296.21
-509.13 296.21
-509.12 296.21
-509.08 296.21
-509.05 296.21
-509.06 296.21
-509.05 296.21
-509.08 296.21
-509.12 296.21
-509.07 296.21
-509.13 296.21
-509.12 296.21
-509.13 296.21
-509.14 296.21
-509.13 296.21
-509.16 296.21
-509.14 296.21
-509.14 296.21
-509.16 296.21
-509.13 296.21
-509.10 296.21
-509.11 296.21
-509.12 296.21
-509.11 296.21
-509.12 296.21
-509.18 296.21
-509.16 296.21
-509.17 296.21
-509.21 296.21
-509.22 296.21
-509.22 296.21
-509.24 296.21
-509.27 296.21
-509.26 296.21
-509.30 296.21
-509.29 296.21
-509.28 296.21
-509.28 296.21
-509.29 296.21
-509.28 296.21
-509.27 296.21
-509.24 296.21
-509.21 296.21
-509.16 296.21
-509.17 296.21
-509.18 296.21
-509.10 296.21
-509.10 296.21
-509.08 296.21
-509.07 296.21
-509.03 296.21
-509.05 296.21
-509.01 296.21
-508.98 296.21
-508.99 296.21
-508.95 296.21
-508.99 296.21
-508.98 296.21
-508.98 296.21
-509.01 296.21
-509.00 296.18
-509.00 296.21
-509.01 296.21
-509.04 296.18
-509.04 296.21
-509.06 296.21
-509.06 296.21
-509.09 296.21
-509.12 296.21
-509.14 296.21
-509.14 296.21
-509.16 296.21
-509.14 296.21
-509.13 296.21
-509.15 296.21
-509.15 296.18
-509.19 296.21
-509.19 296.21
-509.19 296.21
-509.23 296.21
-509.21 296.21
-509.23 296.21
-509.23 296.21
-509.24 296.21
-509.20 296.21
-509.18 296.21
-509.19 296.21
-509.22 296.21
-509.23 296.21
-509.23 296.21
-509.18 296.18
-509.21 296.21
-509.19 296.18
-509.19 296.21
-509.18 296.21
-509.20 296.21
-509.20 296.21
-509.22 296.21
-509.25 296.21
-509.25 296.21
-509.27 296.21
-509.21 296.21
-509.00 296.21
-508.97 296.21
-509.01 296.21
-509.02 296.21
-509.01 296.21
-509.04 296.21
-509.07 296.18
-509.09 296.21
-509.07 296.21
-509.08 296.21
-509.10 296.21
-509.10 296.21
-509.12 296.21
-509.13 296.21
-509.16 296.21
-509.15 296.21
-509.15 296.21
-509.14 296.18
-509.15 296.21
-509.13 296.21
-509.12 296.21
-509.11 296.21
-509.11 296.21
-509.09 296.21
-509.10 296.21
-509.09 296.21
-509.08 296.21
-509.08 296.21
-509.07 296.21
-509.06 296.21
-509.09 296.21
-509.08 296.21
-509.10 296.21
-509.10 296.21
-509.05 296.21
-509.10 296.21
-509.13 296.21
-509.10 296.21
-509.12 296.21
-509.12 296.18
-509.15 296.21
-509.15 296.21
-509.17 296.21
-509.20 296.21
-509.18 296.21
-509.21 296.21
-509.25 296.21
-509.24 296.21
-509.26 296.18
-509.25 296.21
-509.27 296.18
-509.25 296.21
-509.23 296.18
-509.23 296.21
-509.26 296.21
-509.24 296.21
-509.23 296.21
-509.24 296.21
-509.23 296.21
-509.21 296.21
-509.18 296.21
-509.19 296.21
-509.21 296.21
-509.18 296.21
-509.20 296.21
-509.16 296.18
-509.18 296.21
-509.18 296.21
-509.19 296.18
-509.18 296.21
-509.14 296.21
-509.13 296.21
-509.13 296.21
-509.10 296.18
-509.06 296.18
-509.07 296.18
-509.06 296.21
-509.05 296.18
-509.06 296.18
-509.04 296.18
-508.99 296.18
-508.99 296.18
-509.02 296.18
-508.99 296.18
-508.99 296.18
-508.98 296.18
-509.01 296.18
-509.05 296.18
-508.98 296.21
-508.98 296.18
-509.00 296.18
-509.00 296.18
-509.05 296.18
-509.01 296.21
-508.99 296.18
-509.02 296.21
-509.02 296.21
-509.04 296.21
-509.06 296.21
-509.08 296.18
-509.09 296.21
-509.11 296.18
-509.11 296.18
-509.13 296.21
-509.14 296.18
-509.15 296.18
-509.18 296.18
-509.21 296.18
-509.19 296.18
-509.22 296.18
-509.19 296.18
-509.19 296.18
-509.18 296.18
-509.19 296.18
-509.12 296.18
-509.10 296.18
-509.07 296.18
-509.06 296.18
-509.02 296.18
-508.98 296.18
-508.95 296.18
-508.90 296.18
-508.88 296.18
-508.85 296.18
-508.83 296.18
-508.78 296.18
-508.70 296.18
-508.71 296.18
-508.67 296.18
-508.64 296.18
-508.59 296.18
-508.54 296.18
-508.50 296.18
-508.45 296.18
-508.44 296.18
-508.40 296.18
-508.36 296.18
-508.32 296.18
-508.24 296.18
-508.25 296.18
-508.22 296.18
-508.18 296.18
-508.16 296.18
-508.13 296.18
-508.07 296.18
-508.07 296.18
-508.04 296.18
-508.04 296.18
-508.04 296.18
-508.02 296.18
-508.08 296.18
-508.04 296.18
-508.07 296.18
-508.07 296.18
-508.08 296.18
-508.12 296.18
-508.16 296.18
-508.17 296.18
-508.16 296.18
-508.13 296.18
-508.15 296.18
-508.15 296.18
-508.17 296.18
-508.14 296.18
-508.14 296.18
-508.12 296.18
-508.11 296.18
-508.10 296.18
-508.08 296.18
-508.05 296.18
-508.04 296.18
-508.06 296.18
-508.01 296.18
-508.00 296.18
-508.04 296.18
-508.06 296.18
-508.05 296.18
-508.02 296.18
-508.04 296.18
-508.04 296.18
-508.03 296.18
-508.03 296.18
-508.04 296.18
-508.04 296.18
-508.08 296.18
-508.04 296.18
-508.07 296.18
-508.09 296.18
-508.11 296.18
-508.09 296.18
-508.07 296.18
-508.07 296.18
-508.14 296.18
-508.14 296.18
-508.16 296.18
-508.21 296.18
-508.18 296.18
-508.14 296.18
-508.15 296.18
-508.18 296.18
-508.17 296.18
-508.17 296.18
-508.17 296.21
-508.20 296.18
-508.21 296.21
-508.23 296.18
-508.21 296.18
-508.24 296.21
-508.24 296.21
-508.25 296.21
-508.26 296.18
-508.29 296.18
-508.27 296.21
-508.28 296.18
-508.32 296.21
-508.34 296.21
-508.36 296.21
-508.35 296.21
-508.36 296.21
-508.38 296.21
-508.42 296.21
-508.44 296.21
-508.46 296.21
-508.45 296.21
-508.46 296.21
-508.46 296.21
-508.48 296.21
-508.50 296.18
-508.51 296.18
-508.53 296.21
-508.54 296.18
-508.54 296.18
-508.55 296.18
-508.60 296.18
-508.60 296.18
-508.61 296.18
-508.61 296.18
-508.63 296.18
-508.66 296.18
-508.64 296.18
-508.65 296.18
-508.66 296.18
-508.65 296.18
-508.67 296.18
-508.64 296.18
-508.67 296.18
-508.63 296.18
-508.63 296.18
-508.65 296.18
-508.61 296.18
-508.62 296.18
-508.61 296.18
-508.59 296.18
-508.60 296.18
-508.61 296.18
-508.64 296.18
-508.64 296.18
-508.62 296.18
-508.64 296.18
-508.64 296.18
-508.63 296.18
-508.65 296.18
-508.67 296.18
-508.64 296.18
-508.66 296.18
-508.65 296.18
-508.60 296.18
-508.61 296.18
-508.61 296.18
-508.59 296.18
-508.60 296.18
-508.56 296.18
-508.60 296.18
-508.59 296.18
-508.59 296.18
-508.59 296.18
-508.59 296.18
-508.61 296.18
-508.57 296.18
-508.56 296.18
-508.55 296.18
-508.56 296.18
-508.54 296.21
-508.53 296.18
-508.51 296.18
-508.48 296.18
-508.49 296.18
-508.45 296.18
-508.46 296.18
-508.45 296.18
-508.44 296.18
-508.44 296.18
-508.40 296.18
-508.36 296.18
-508.35 296.18
-508.29 296.18
-508.27 296.18
-508.27 296.18
-508.23 296.18
-508.21 296.18
-508.20 296.18
-508.16 296.18
-508.13 296.18
-508.07 296.18
-508.02 296.18
-508.01 296.18
-508.00 296.18
-507.95 296.18
-507.92 296.18
-507.88 296.18
-507.90 296.18
-507.88 296.18
-507.87 296.18
-507.85 296.18
-507.85 296.18
-507.82 296.18
-507.80 296.18
-507.81 296.18
-507.81 296.18
-507.79 296.18
-507.78 296.18
-507.78 296.18
-507.79 296.18
-507.77 296.18
-507.81 296.18
-507.79 296.18
-507.77 296.18
-507.79 296.18
-507.82 296.18
-507.82 296.18
-507.85 296.18
-507.89 296.18
-507.91 296.18
-507.91 296.18
-507.89 296.18
-507.91 296.18
-507.91 296.18
-507.92 296.18
-507.95 296.18
-507.90 296.18
-507.91 296.18
-507.94 296.18
-507.94 296.18
-507.92 296.18
-507.92 296.18
-507.93 296.18
-507.91 296.18
-507.93 296.18
-507.96 296.18
-507.96 296.18
-507.98 296.18
-508.00 296.18
-507.97 296.18
-507.99 296.18
-507.98 296.18
-508.00 296.18
-507.98 296.18
-507.96 296.18
-507.99 296.18
-507.97 296.18
-507.98 296.18
-507.99 296.18
-507.99 296.18
-507.98 296.18
-507.98 296.18
-508.01 296.18
-508.00 296.18
-508.02 296.18
-508.02 296.18
-508.02 296.18
-508.07 296.18
-508.07 296.18
-508.08 296.18
-508.09 296.18
-508.12 296.21
-508.12 296.18
-508.15 296.18
-508.13 296.18
-508.16 296.18
-508.23 296.18
-508.20 296.18
-508.25 296.21
-508.25 296.21
-508.27 296.21
-508.30 296.21
-508.29 296.21
-508.30 296.18
-508.34 296.21
-508.31 296.18
-508.37 296.18
-508.38 296.21
-508.34 296.21
-508.35 296.18
-508.33 296.21
-508.31 296.18
-508.30 296.21
-508.27 296.18
-508.25 296.18
-508.21 296.18
-508.21 296.18
-508.17 296.21
-508.12 296.18
-508.09 296.18
-508.04 296.18
-508.00 296.18
-508.00 296.18
-507.95 296.18
-507.90 296.18
-507.84 296.18
-507.82 296.18
-507.76 296.18
-507.75 296.18
-507.64 296.21
-507.59 296.18
-507.54 296.21
-507.51 296.21
-507.47 296.18
-507.45 296.18
-507.41 296.18
-507.33 296.18
-507.32 296.18
-507.32 296.21
-507.23 296.21
-507.19 296.21
-507.16 296.21
-507.10 296.21
-507.06 296.21
-507.02 296.21
-507.01 296.21
-506.96 296.18
-506.92 296.21
-506.91 296.21
-506.83 296.18
-506.80 296.18
-506.79 296.18
-506.75 296.18
-506.73 296.21
-506.73 296.18
-506.72 296.18
-506.71 296.18
-506.69 296.18
-506.67 296.18
-506.69 296.18
-506.66 296.18
-506.67 296.21
-506.70 296.18
-506.70 296.18
-506.66 296.18
-506.68 296.18
-506.68 296.18
-506.65 296.18
-506.64 296.18
-506.64 296.18
-506.61 296.18
-506.57 296.18
-506.58 296.18
-506.55 296.18
-506.50 296.18
-506.47 296.18
-506.41 296.18
-506.40 296.18
-506.35 296.18
-506.33 296.18
-506.29 296.18
-506.28 296.18
-506.27 296.18
-506.24 296.18
-506.22 296.18
-506.21 296.18
-506.21 296.18
-506.16 296.18
-506.16 296.18
-506.14 296.18
-506.11 296.18
-506.09 296.18
-506.11 296.18
-506.08 296.18
-506.08 296.18
-506.05 296.18
-506.03 296.18
-505.98 296.18
-505.95 296.18
-505.92 296.18
-505.87 296.18
-505.85 296.18
-505.82 296.18
-505.79 296.18
-505.78 296.18
-505.73 296.18
-505.72 296.18
-505.70 296.18
-505.62 296.18
-505.63 296.18
-505.61 296.18
-505.59 296.18
-505.55 296.18
-505.58 296.18
-505.61 296.18
-505.60 296.18
-505.60 296.18
-505.58 296.18
-505.59 296.18
-505.61 296.18
-505.62 296.18
-505.63 296.18
-505.61 296.18
-505.64 296.18
-505.65 296.18
-505.68 296.18
-505.68 296.18
-505.69 296.18
-505.74 296.18
-505.75 296.18
-505.75 296.21
-505.76 296.18
-505.78 296.18
-505.80 296.21
-505.83 296.21
-505.89 296.18
-505.89 296.18
-505.91 296.18
-505.95 296.18
-505.98 296.21
-505.99 296.18
-506.00 296.18
-506.05 296.21
-506.03 296.18
-506.07 296.21
-506.11 296.18
-506.13 296.21
-506.15 296.21
-506.22 296.18
-506.22 296.21
-506.28 296.18
-506.32 296.18
-506.35 296.18
-506.41 296.21
-506.46 296.18
-506.47 296.18
-506.51 296.21
-506.54 296.21
-506.54 296.21
-506.56 296.21
-506.61 296.21
-506.61 296.21
-506.59 296.21
-506.62 296.21
-506.60 296.21
-506.63 296.21
-506.59 296.21
-506.60 296.18
-506.61 296.21
-506.61 296.21
-506.60 296.21
-506.64 296.21
-506.63 296.21
-506.63 296.21
-506.65 296.21
-506.70 296.21
-506.71 296.21
-506.74 296.21
-506.78 296.21
-506.77 296.21
-506.79 296.21
-506.79 296.21
-506.77 296.21
-506.76 296.21
-506.75 296.21
-506.72 296.21
-506.69 296.21
-506.69 296.21
-506.59 296.21
-506.61 296.21
-506.59 296.21
-506.53 296.21
-506.52 296.21
-506.49 296.21
-506.44 296.21
-506.45 296.21
-506.43 296.21
-506.41 296.21
-506.37 296.21
-506.31 296.21
-506.28 296.21
-506.28 296.21
-506.26 296.21
-506.26 296.21
-506.23 296.21
-506.20 296.21
-506.19 296.21
-506.15 296.21
-506.12 296.21
-506.11 296.21
-506.11 296.21
-506.05 296.21
-505.98 296.21
-505.96 296.21
-505.96 296.21
-505.91 296.21
-505.87 296.21
-505.83 296.21
-505.83 296.21
-505.77 296.21
-505.73 296.21
-505.69 296.21
-505.69 296.21
-505.62 296.18
-505.61 296.21
-505.56 296.21
-505.54 296.21
-505.48 296.21
-505.48 296.18
-505.42 296.21
-505.43 296.21
-505.42 296.21
-505.39 296.18
-505.36 296.18
-505.37 296.18
-505.38 296.18
-505.39 296.21
-505.37 296.18
-505.39 296.18
-505.39 296.18
-505.41 296.18
-505.43 296.18
-505.39 296.18
-505.40 296.18
-505.38 296.18
-505.41 296.18
-505.42 296.21
-505.42 296.21
-505.41 296.18
-505.43 296.21
-505.41 296.21
-505.38 296.18
-505.37 296.18
-505.39 296.18
-505.38 296.21
-505.39 296.21
-505.40 296.21
-505.39 296.18
-505.39 296.18
-505.36 296.18
-505.34 296.18
-505.34 296.21
-505.33 296.18
-505.28 296.18
-505.32 296.21
-505.33 296.21
-505.32 296.21
-505.31 296.18
-505.26 296.18
-505.23 296.18
-505.26 296.21
-505.26 296.18
-505.29 296.18
-505.26 296.18
-505.29 296.21
-505.32 296.21
-505.31 296.21
-505.32 296.21
-505.32 296.21
-505.31 296.21
-505.30 296.18
-505.32 296.21
-505.33 296.21
-505.34 296.21
-505.35 296.21
-505.36 296.21
-505.36 296.21
-505.34 296.21
-505.36 296.21
-505.39 296.21
-505.37 296.18
-505.39 296.18
-505.39 296.21
-505.40 296.21
-505.41 296.21
-505.42 296.21
-505.43 296.21
-505.44 296.21
-505.43 296.21
-505.43 296.18
-505.46 296.21
-505.48 296.21
-505.47 296.21
-505.50 296.21
-505.50 296.21
-505.51 296.21
-505.53 296.21
-505.56 296.21
-505.57 296.21
-505.59 296.21
-505.59 296.21
-505.61 296.21
-505.63 296.21
-505.63 296.21
-505.69 296.18
-505.71 296.21
-505.71 296.21
-505.73 296.18
-505.74 296.21
-505.77 296.18
-505.75 296.18
-505.79 296.21
-505.78 296.21
-505.75 296.18
-505.75 296.18
-505.76 296.21
-505.78 296.18
-505.76 296.21
-505.78 296.18
-505.77 296.21
-505.75 296.21
-505.74 296.21
-505.72 296.21
-505.71 296.18
-505.71 296.18
-505.74 296.18
-505.76 296.21
-505.76 296.18
-505.77 296.18
-505.76 296.21
-505.83 296.21
-505.83 296.21
-505.82 296.18
-505.84 296.18
-505.86 296.18
-505.88 296.18
-505.88 296.18
-505.87 296.18
-505.82 296.21
-505.86 296.18
-505.87 296.18
-505.86 296.21
-505.86 296.21
-505.88 296.18
-505.92 296.18
-505.91 296.18
-505.91 296.18
-505.95 296.18
-505.99 296.18
-506.01 296.18
-506.06 296.18
-506.09 296.18
-506.11 296.18
-506.12 296.18
-506.18 296.18
-506.19 296.18
-506.24 296.18
-506.26 296.18
-506.28 296.18
-506.29 296.18
-506.32 296.18
-506.35 296.18
-506.39 296.18
-506.40 296.18
-506.44 296.18
-506.47 296.18
-506.50 296.18
-506.49 296.18
-506.52 296.18
-506.55 296.18
-506.52 296.18
-506.53 296.18
-506.53 296.18
-506.51 296.18
-506.53 296.18
-506.53 296.21
-506.54 296.18
-506.54 296.18
-506.53 296.18
-506.56 296.18
-506.55 296.18
-506.52 296.18
-506.56 296.18
-506.56 296.18
-506.57 296.18
-506.59 296.18
-506.62 296.18
-506.64 296.18
-506.63 296.18
-506.67 296.18
-506.70 296.18
-506.71 296.18
-506.76 296.18
-506.80 296.18
-506.81 296.18
-506.82 296.18
-506.85 296.18
-506.84 296.18
-506.85 296.18
-506.86 296.18
-506.89 296.21
-506.89 296.18
-506.86 296.18
-506.88 296.18
-506.88 296.18
-506.86 296.18
-506.84 296.18
-506.79 296.18
-506.79 296.18
-506.80 296.18
-506.75 296.18
-506.71 296.18
-506.75 296.18
-506.73 296.18
-506.71 296.18
-506.72 296.18
-506.70 296.18
-506.67 296.18
-506.68 296.18
-506.70 296.18
-506.71 296.18
-506.70 296.18
-506.69 296.18
-506.73 296.18
-506.71 296.18
-506.72 296.18
-506.74 296.18
-506.76 296.18
-506.77 296.18
-506.73 296.18
-506.75 296.18
-506.75 296.18
-506.70 296.18
-506.68 296.18
-506.71 296.18
-506.69 296.18
-506.67 296.18
-506.64 296.18
-506.67 296.18
-506.62 296.18
-506.59 296.18
-506.55 296.18
-506.58 296.18
-506.52 296.18
-506.49 296.18
-506.50 296.18
-506.48 296.18
-506.47 296.18
-506.45 296.18
-506.44 296.18
-506.43 296.18
-506.39 296.18
-506.36 296.18
-506.33 296.18
-506.32 296.18
-506.34 296.18
-506.31 296.18
-506.27 296.18
-506.28 296.18
-506.22 296.18
-506.21 296.18
-506.21 296.18
-506.19 296.18
-506.17 296.18
-506.18 296.18
-506.11 296.18
-506.11 296.18
-506.12 296.18
-506.09 296.18
-506.10 296.18
-506.07 296.21
-506.10 296.21
-506.09 296.18
-506.08 296.18
-506.11 296.21
-506.11 296.21
-506.13 296.18
-506.14 296.21
-506.15 296.21
-506.19 296.18
-506.18 296.18
-506.21 296.18
-506.17 296.18
-506.19 296.18
-506.17 296.21
-506.18 296.18
-506.17 296.18
-506.17 296.18
-506.17 296.21
-506.15 296.18
-506.15 296.18
-506.13 296.18
-506.10 296.18
-506.06 296.18
-506.06 296.18
-506.04 296.18
-506.05 296.18
-506.00 296.18
-505.98 296.18
-505.98 296.18
-505.98 296.18
-505.96 296.18
-505.96 296.18
-505.95 296.18
-505.95 296.18
-505.92 296.18
-505.92 296.21
-505.89 296.21
-505.89 296.18
-505.88 296.18
-505.86 296.21
-505.86 296.21
-505.86 296.21
-505.82 296.21
-505.82 296.18
-505.79 296.18
-505.77 296.18
-505.81 296.18
-505.76 296.18
-505.78 296.18
-505.78 296.18
-505.77 296.18
-505.79 296.18
-505.75 296.18
-505.74 296.18
-505.76 296.18
-505.74 296.18
-505.71 296.18
-505.72 296.18
-505.71 296.18
-505.74 296.18
-505.76 296.18
-505.76 296.18
-505.77 296.18
-505.77 296.18
-505.78 296.18
-505.78 296.18
-505.79 296.18
-505.77 296.18
-505.80 296.18
-505.80 296.18
-505.83 296.18
-505.82 296.18
-505.83 296.18
-505.85 296.18
-505.86 296.18
-505.84 296.18
-505.86 296.18
-505.85 296.18
-505.87 296.18
-505.87 296.18
-505.88 296.18
-505.90 296.18
-505.88 296.18
-505.90 296.18
-505.91 296.18
-505.93 296.18
-505.89 296.18
-505.94 296.18
-505.94 296.14
-505.92 296.18
-505.92 296.18
-505.94 296.14
-505.96 296.14
-505.96 296.18
-505.98 296.14
-506.00 296.18
-505.98 296.14
-505.98 296.14
-506.00 296.14
-505.99 296.14
-506.01 296.14
-506.00 296.18
-505.96 296.18
-505.95 296.18
-505.95 296.14
-505.92 296.14
-505.92 296.14
-505.90 296.14
-505.90 296.14
-505.89 296.14
-505.87 296.14
-505.89 296.14
-505.87 296.14
-505.88 296.14
-505.87 296.14
-505.86 296.14
-505.86 296.14
-505.88 296.14
-505.86 296.14
-505.88 296.14
-505.92 296.14
-505.90 296.14
-505.90 296.14
-505.92 296.14
-505.88 296.18
-505.89 296.18
-505.92 296.18
-505.91 296.14
-505.90 296.14
-505.96 296.18
-505.94 296.14
-505.94 296.14
-505.96 296.18
-505.97 296.14
-505.99 296.14
-505.98 296.14
-505.96 296.18
-505.99 296.18
-505.94 296.18
-505.97 296.18
-505.97 296.18
-505.94 296.14
-505.92 296.18
-505.90 296.18
-505.87 296.18
-505.85 296.18
-505.79 296.18
-505.79 296.14
-505.75 296.18
-505.69 296.14
-505.65 296.18
-505.62 296.14
-505.59 296.18
-505.54 296.18
-505.50 296.14
-505.48 296.18
-505.46 296.18
-505.42 296.18
-505.37 296.18
-505.36 296.18
-505.31 296.18
-505.27 296.18
-505.25 296.18
-505.21 296.18
-505.20 296.18
-505.16 296.18
-505.16 296.18
-505.16 296.14
-505.09 296.18
-505.11 296.18
-505.10 296.18
-505.06 296.18
-505.05 296.18
-505.06 296.14
-505.05 296.18
-505.06 296.18
-505.05 296.18
-505.05 296.14
-505.03 296.18
-505.04 296.18
-505.04 296.18
-505.03 296.18
-505.07 296.18
-505.07 296.18
-505.03 296.18
-505.03 296.14
-505.04 296.18
-505.06 296.18
-505.07 296.18
-505.08 296.18
-505.07 296.18
-505.08 296.18
-505.08 296.18
-505.09 296.18
-505.11 296.14
-505.10 296.18
-505.13 296.18
-505.12 296.18
-505.11 296.18
-505.14 296.18
-505.15 296.18
-505.12 296.14
-505.15 296.14
-505.16 296.14
-505.17 296.18
-505.14 296.14
-505.16 296.18
-505.18 296.18
-505.19 296.18
-505.18 296.14
-505.20 296.18
-505.20 296.18
-505.20 296.18
-505.20 296.18
-505.20 296.18
-505.20 296.18
-505.16 296.14
-505.20 296.18
-505.17 296.18
-505.14 296.14
-505.14 296.14
-505.11 296.14
-505.09 296.14
-505.04 296.14
-505.02 296.18
-505.03 296.18
-504.99 296.18
-504.93 296.18
-504.92 296.14
-504.88 296.18
-504.85 296.14
-504.82 296.14
-504.78 296.18
-504.78 296.18
-504.74 296.14
-504.69 296.18
-504.65 296.18
-504.63 296.14
-504.58 296.18
-504.61 296.14
-504.58 296.18
-504.58 296.18
-504.58 296.18
-504.54 296.18
-504.53 296.18
-504.53 296.18
-504.48 296.18
-504.49 296.18
-504.46 296.18
-504.46 296.18
-504.48 296.18
-504.43 296.18
-504.42 296.18
-504.42 296.14
-504.42 296.18
-504.37 296.18
-504.37 296.18
-504.33 296.18
-504.31 296.18
-504.26 296.18
-504.25 296.18
-504.24 296.18
-504.21 296.18
-504.18 296.18
-504.15 296.18
-504.15 296.18
-504.14 296.18
-504.11 296.18
-504.09 296.18
-504.10 296.18
-504.09 296.18
-504.06 296.18
-504.05 296.18
-504.05 296.18
-504.01 296.18
-503.97 296.18
-503.97 296.18
-503.94 296.18
-503.92 296.18
-503.91 296.18
-503.85 296.18
-503.81 296.18
-503.81 296.18
-503.73 296.18
-503.70 296.18
-503.67 296.18
-503.67 296.18
-503.66 296.18
-503.60 296.14
-503.60 296.18
-503.57 296.18
-503.58 296.18
-503.58 296.18
-503.56 296.18
-503.54 296.18
-503.55 296.18
-503.54 296.18
-503.54 296.18
-503.54 296.18
-503.56 296.18
-503.58 296.18
-503.56 296.18
-503.57 296.18
-503.60 296.18
-503.61 296.18
-503.65 296.18
-503.70 296.18
-503.70 296.18
-503.73 296.18
-503.73 296.18
-503.73 296.18
-503.76 296.14
-503.79 296.18
-503.80 296.18
-503.81 296.14
-503.82 296.18
-503.81 296.18
-503.83 296.14
-503.82 296.18
-503.83 296.18
-503.84 296.18
-503.83 296.18
-503.82 296.18
-503.79 296.18
-503.80 296.18
-503.84 296.18
-503.83 296.18
-503.83 296.18
-503.82 296.14
-503.83 296.18
-503.78 296.18
-503.82 296.18
-503.83 296.14
-503.80 296.18
-503.81 296.14
-503.78 296.18
-503.78 296.18
-503.79 296.14
-503.81 296.18
-503.79 296.14
-503.79 296.14
-503.78 296.14
-503.74 296.14
-503.76 296.14
-503.77 296.18
-503.72 296.14
-503.77 296.14
-503.75 296.14
-503.71 296.14
-503.69 296.14
-503.68 296.14
-503.67 296.14
-503.66 296.14
-503.67 296.18
-503.61 296.14
-503.59 296.14
-503.59 296.18
-503.57 296.14
-503.55 296.14
-503.52 296.14
-503.50 296.14
-503.51 296.14
-503.50 296.14
-503.45 296.18
-503.44 296.14
-503.38 296.14
-503.37 296.14
-503.36 296.14
-503.34 296.14
-503.33 296.14
-503.35 296.14
-503.29 296.18
-503.28 296.14
-503.25 296.14
-503.22 296.14
-503.22 296.14
-503.25 296.14
-503.27 296.14
-503.24 296.14
-503.25 296.14
-503.29 296.14
-503.25 296.14
-503.25 296.14
-503.28 296.14
-503.25 296.14
-503.24 296.14
-503.26 296.14
-503.27 296.14
-503.28 296.14
-503.32 296.14
-503.33 296.14
-503.36 296.14
-503.38 296.14
-503.39 296.14
-503.39 296.14
-503.41 296.14
-503.42 296.14
-503.46 296.14
-503.49 296.14
-503.48 296.14
-503.49 296.14
-503.48 296.14
-503.51 296.14
-503.45 296.14
-503.46 296.14
-503.49 296.14
-503.46 296.14
-503.44 296.14
-503.39 296.14
-503.36 296.14
-503.32 296.14
-503.31 296.14
-503.28 296.14
-503.28 296.14
-503.26 296.14
-503.24 296.14
-503.25 296.14
-503.27 296.14
-503.27 296.14
-503.28 296.14
-503.28 296.14
-503.27 296.14
-503.25 296.14
-503.21 296.14
-503.20 296.14
-503.19 296.14
-503.18 296.14
-503.21 296.14
-503.15 296.14
-503.16 296.14
-503.15 296.14
-503.17 296.14
-503.19 296.14
-503.20 296.14
-503.18 296.14
-503.18 296.14
-503.21 296.14
-503.19 296.14
-503.18 296.14
-503.21 296.14
-503.20 296.14
-503.19 296.14
-503.21 296.14
-503.21 296.14
-503.23 296.14
-503.19 296.14
-503.19 296.14
-503.19 296.14
-503.17 296.14
-503.20 296.14
-503.20 296.14
-503.20 296.14
-503.18 296.14
-503.19 296.14
-503.19 296.14
-503.18 296.14
-503.18 296.14
-503.12 296.14
-503.06 296.14
-503.09 296.14
-503.06 296.14
-503.03 296.14
-503.02 296.14
-503.01 296.14
-502.97 296.14
-502.91 296.14
-502.92 296.14
-502.91 296.14
-502.87 296.14
-502.86 296.14
-502.81 296.14
-502.80 296.14
-502.79 296.14
-502.79 296.14
-502.77 296.14
-502.76 296.14
-502.79 296.14
-502.76 296.14
-502.79 296.14
-502.78 296.14
-502.79 296.14
-502.81 296.14
-502.81 296.14
-502.81 296.14
-502.84 296.14
-502.91 296.14
-502.94 296.14
-502.94 296.14
-502.96 296.14
-502.98 296.14
-503.02 296.14
-503.04 296.14
-503.03 296.14
-503.09 296.14
-503.09 296.14
-503.08 296.14
-503.06 296.14
-503.07 296.14
-503.06 296.14
-503.10 296.14
-503.09 296.14
-503.09 296.14
-503.10 296.14
-503.08 296.14
-503.10 296.14
-503.13 296.14
-503.11 296.14
-503.14 296.14
-503.14 296.14
-503.15 296.14
-503.13 296.14
-503.15 296.14
-503.15 296.14
-503.14 296.14
-503.16 296.14
-503.16 296.14
-503.16 296.14
-503.17 296.14
-503.18 296.14
-503.16 296.14
-503.15 296.14
-503.16 296.14
-503.17 296.14
-503.18 296.14
-503.15 296.14
-503.16 296.14
-503.14 296.14
-503.17 296.14
-503.21 296.14
-503.21 296.14
-503.21 296.14
-503.23 296.14
-503.23 296.14
-503.29 296.14
-503.29 296.14
-503.34 296.14
-503.33 296.14
-503.33 296.14
-503.41 296.14
-503.41 296.14
-503.42 296.14
-503.47 296.14
-503.49 296.14
-503.54 296.14
-503.52 296.14
-503.57 296.14
-503.57 296.14
-503.59 296.14
-503.57 296.14
-503.58 296.14
-503.59 296.14
-503.61 296.14
-503.64 296.14
-503.65 296.14
-503.69 296.14
-503.71 296.14
-503.71 296.14
-503.78 296.14
-503.81 296.14
-503.81 296.14
-503.82 296.14
-503.86 296.14
-503.89 296.14
-503.91 296.14
-503.89 296.14
-503.92 296.14
-503.95 296.14
-503.93 296.14
-503.92 296.14
-503.95 296.14
-503.94 296.14
-503.97 296.14
-504.01 296.14
-503.99 296.14
-504.01 296.14
-504.05 296.14
-504.01 296.14
-504.04 296.14
-504.07 296.14
-504.02 296.14
-504.10 296.14
-504.03 296.14
-504.03 296.14
-504.05 296.14
-504.03 296.14
-504.00 296.14
-504.03 296.14
-504.01 296.14
-504.00 296.14
-503.98 296.14
-503.97 296.14
-503.97 296.14
-503.96 296.14
-503.95 296.14
-503.92 296.14
-503.87 296.14
-503.88 296.14
-503.90 296.14
-503.90 296.14
-503.89 296.14
-503.85 296.14
-503.89 296.14
-503.90 296.14
-503.89 296.14
-503.86 296.14
-503.88 296.14
-503.91 296.14
-503.91 296.14
-503.92 296.14
-503.95 296.14
-503.96 296.14
-503.97 296.14
-503.98 296.14
-504.03 296.14
-504.00 296.14
-504.00 296.14
-504.00 296.14
-504.02 296.14
-504.03 296.14
-503.98 296.14
-503.98 296.14
-503.97 296.14
-503.99 296.14
-503.98 296.14
-503.92 296.14
-503.92 296.14
-503.92 296.14
-503.91 296.14
-503.87 296.14
-503.89 296.14
-503.89 296.14
-503.86 296.14
-503.84 296.14
-503.79 296.14
-503.82 296.14
-503.82 296.18
-503.80 296.14
-503.81 296.14
-503.83 296.14
-503.82 296.18
-503.81 296.14
-503.81 296.18
-503.86 296.14
-503.85 296.14
-503.82 296.14
-503.80 296.14
-503.80 296.14
-503.77 296.14
-503.79 296.14
-503.73 296.14
-503.74 296.14
-503.76 296.14
-503.72 296.14
-503.63 296.14
-503.53 296.14
-503.44 296.14
-503.41 296.14
-503.32 296.14
-503.30 296.14
-503.25 296.14
-503.21 296.14
-503.14 296.14
-503.06 296.14
-503.01 296.14
-502.91 296.14
-502.91 296.14
-502.85 296.14
-502.84 296.14
-502.83 296.14
-502.76 296.14
-502.79 296.14
-502.76 296.14
-502.78 296.14
-502.78 296.14
-502.75 296.18
-502.76 296.14
-502.76 296.14
-502.74 296.14
-502.74 296.14
-502.72 296.14
-502.68 296.18
-502.69 296.14
-502.67 296.18
-502.70 296.18
-502.70 296.18
-502.71 296.18
-502.72 296.18
-502.74 296.18
-502.77 296.18
-502.77 296.18
-502.80 296.18
-