-749.12 299.62
-741.65 299.67
-734.81 299.67
-778.44 299.71
-763.82 299.71
-734.80 299.76
-731.58 299.76
-740.48 299.76
-727.32 299.80
-716.76 299.80
-710.15 299.80
-704.41 299.80
-700.06 299.80
-699.59 299.85
-695.18 299.85
-694.50 299.85
-691.67 299.85
-684.01 299.85
-679.87 299.85
-678.02 299.89
-676.82 299.89
-675.59 299.89
-674.45 299.89
-673.34 299.89
-672.31 299.89
-671.29 299.94
-670.31 299.94
-669.40 299.94
-668.53 299.94
-667.63 299.98
-666.76 299.98
-665.87 299.98
-665.04 299.98
-664.27 299.98
-663.51 299.98
-662.79 300.03
-662.11 300.03
-661.43 300.03
-660.77 300.03
-660.12 300.03
-659.53 300.03
-658.92 300.03
-658.34 300.07
-657.72 300.07
-657.08 300.07
-656.43 300.07
-655.82 300.07
-655.26 300.07
-654.77 300.12
-654.34 300.07
-653.97 300.12
-653.64 300.12
-653.39 300.16
-653.23 300.16
-653.11 300.21
-653.04 300.21
-652.96 300.25
-652.94 300.25
-652.90 300.30
-652.88 300.30
-652.93 300.35
-652.97 300.35
-653.10 300.39
-653.14 300.39
-653.27 300.44
-653.32 300.44
-653.35 300.48
-653.42 300.48
-653.44 300.53
-653.45 300.58
-653.44 300.58
-653.45 300.58
-653.44 300.62
-653.41 300.67
-653.35 300.67
-653.30 300.72
-653.29 300.72
-653.19 300.76
-653.13 300.76
-653.09 300.81
-653.01 300.81
-652.98 300.86
-652.89 300.86
-652.80 300.90
-652.74 300.90
-652.69 300.95
-652.63 301.00
-652.61 301.00
-652.51 301.00
-652.42 301.05
-652.33 301.09
-652.24 301.09
-652.14 301.09
-652.02 301.14
-651.90 301.19
-651.74 301.19
-651.61 301.24
-651.39 301.24
-651.17 301.29
-650.97 301.29
-650.74 301.29
-650.54 301.34
-650.38 301.38
-650.18 301.38
-649.93 301.38
-649.67 301.43
-649.48 301.43
-649.31 301.48
-649.10 301.48
-648.91 301.48
-648.58 301.53
-648.27 301.53
-647.98 301.58
-647.73 301.58
-647.49 301.63
-647.24 301.63
-647.04 301.63
-646.92 301.68
-646.85 301.68
-646.82 301.73
-646.75 301.73
-646.75 301.78
-646.76 301.78
-646.80 301.83
-646.84 301.83
-646.88 301.83
-646.96 301.88
-647.03 301.88
-647.07 301.88
-647.10 301.93
-647.14 301.98
-647.13 301.98
-647.16 301.98
-647.12 301.98
-647.10 302.03
-647.05 302.03
-647.01 302.08
-646.96 302.08
-646.99 302.13
-647.01 302.13
-646.99 302.13
-647.01 302.18
-647.09 302.18
-647.13 302.23
-647.18 302.23
-647.26 302.28
-647.33 302.28
-647.35 302.28
-647.41 302.33
-647.46 302.33
-647.51 302.33
-647.55 302.38
-647.54 302.38
-647.60 302.43
-647.63 302.43
-647.71 302.43
-647.76 302.48
-647.81 302.48
-647.87 302.48
-647.85 302.54
-647.89 302.54
-647.93 302.59
-647.94 302.59
-647.96 302.59
-647.99 302.64
-648.00 302.64
-648.07 302.64
-648.06 302.69
-648.11 302.69
-648.11 302.74
-648.07 302.74
-648.02 302.80
-647.99 302.80
-647.96 302.80
-647.94 302.80
-647.95 302.85
-647.94 302.85
-647.90 302.90
-647.87 302.90
-647.88 302.90
-647.86 302.90
-647.82 302.95
-647.80 302.95
-647.75 302.95
-647.71 303.01
-647.64 303.01
-647.54 303.06
-647.41 303.06
-647.24 303.06
-647.08 303.11
-646.88 303.11
-646.64 303.11
-646.49 303.11
-646.27 303.17
-646.07 303.17
-645.94 303.17
-645.81 303.22
-645.65 303.22
-645.53 303.22
-645.40 303.22
-645.31 303.27
-645.24 303.27
-645.16 303.27
-645.13 303.33
-645.13 303.33
-645.14 303.33
-645.18 303.38
-645.18 303.38
-645.19 303.38
-645.21 303.38
-645.20 303.44
-645.20 303.44
-645.20 303.44
-645.10 303.49
-644.95 303.49
-644.81 303.49
-644.68 303.54
-644.55 303.54
-644.38 303.54
-644.30 303.54
-644.23 303.60
-644.11 303.60
-644.00 303.60
-643.94 303.60
-643.92 303.65
-643.89 303.65
-643.89 303.65
-643.83 303.71
-643.77 303.71
-643.71 303.71
-643.62 303.76
-643.59 303.76
-643.49 303.76
-643.40 303.76
-643.23 303.82
-643.02 303.82
-642.81 303.82
-642.49 303.82
-642.23 303.82
-642.00 303.87
-641.89 303.87
-641.77 303.87
-641.72 303.87
-641.73 303.93
-641.75 303.93
-641.81 303.93
-641.84 303.93
-641.87 303.99
-641.84 303.99
-641.84 303.99
-641.83 303.99
-641.74 303.99
-641.54 304.04
-641.26 304.04
-641.00 304.04
-640.71 304.04
-640.41 304.10
-640.07 304.10
-639.77 304.10
-639.55 304.10
-639.37 304.10
-639.25 304.15
-639.15 304.15
-639.06 304.15
-638.90 304.15
-638.76 304.15
-638.56 304.15
-638.37 304.21
-638.20 304.21
-638.01 304.21
-637.82 304.21
-637.73 304.21
-637.59 304.27
-637.50 304.27
-637.47 304.27
-637.48 304.27
-637.53 304.27
-637.58 304.27
-637.63 304.32
-637.68 304.32
-637.73 304.32
-637.78 304.32
-637.85 304.32
-637.90 304.32
-638.01 304.32
-638.14 304.38
-638.23 304.38
-638.34 304.38
-638.44 304.38
-638.48 304.44
-638.52 304.44
-638.44 304.44
-638.33 304.44
-638.25 304.44
-638.11 304.44
-637.98 304.44
-637.78 304.44
-637.56 304.49
-637.29 304.49
-636.95 304.49
-636.60 304.49
-636.17 304.49
-635.74 304.49
-635.34 304.55
-634.94 304.55
-634.60 304.55
-634.32 304.55
-633.97 304.55
-633.61 304.55
-633.30 304.55
-632.93 304.55
-632.61 304.55
-632.33 304.55
-632.06 304.55
-631.81 304.61
-631.59 304.61
-631.35 304.61
-631.08 304.61
-630.84 304.61
-630.57 304.61
-630.36 304.61
-630.13 304.61
-629.93 304.61
-629.74 304.61
-629.60 304.61
-629.51 304.67
-629.44 304.67
-629.37 304.67
-629.41 304.67
-629.44 304.67
-629.50 304.67
-629.55 304.67
-629.57 304.67
-629.54 304.67
-629.46 304.73
-629.32 304.73
-629.14 304.73
-628.88 304.73
-628.66 304.73
-628.38 304.73
-628.12 304.73
-627.87 304.73
-627.59 304.78
-627.29 304.78
-626.97 304.78
-626.68 304.78
-626.36 304.78
-626.04 304.78
-625.77 304.78
-625.49 304.78
-625.24 304.78
-625.02 304.78
-624.86 304.78
-624.74 304.78
-624.62 304.84
-624.53 304.84
-624.45 304.84
-624.33 304.84
-624.22 304.84
-624.11 304.84
-624.01 304.84
-623.88 304.84
-623.84 304.84
-623.86 304.84
-623.95 304.84
-624.04 304.84
-624.24 304.90
-624.43 304.90
-624.61 304.90
-624.87 304.90
-625.07 304.90
-625.29 304.90
-625.44 304.90
-625.59 304.96
-625.72 304.96
-625.83 304.96
-625.91 304.96
-625.96 304.96
-626.04 304.96
-626.01 304.96
-626.13 304.96
-626.17 304.96
-626.25 305.02
-626.36 305.02
-626.43 305.02
-626.46 305.02
-626.50 305.02
-626.54 305.02
-626.51 305.08
-626.51 305.08
-626.50 305.08
-626.50 305.08
-626.53 305.08
-626.57 305.08
-626.61 305.08
-626.57 305.14
-626.65 305.14
-626.67 305.14
-626.68 305.14
-626.75 305.14
-626.81 305.14
-626.83 305.14
-626.89 305.14
-627.01 305.14
-627.08 305.14
-627.17 305.14
-627.28 305.14
-627.39 305.20
-627.57 305.20
-627.66 305.20
-627.79 305.20
-627.89 305.20
-628.00 305.20
-628.03 305.20
-628.05 305.20
-628.05 305.25
-628.10 305.25
-628.19 305.25
-628.25 305.25
-628.30 305.25
-628.40 305.25
-628.47 305.25
-628.57 305.25
-628.68 305.25
-628.78 305.25
-628.91 305.25
-629.01 305.25
-629.13 305.25
-629.23 305.31
-629.30 305.31
-629.33 305.31
-629.35 305.31
-629.38 305.31
-629.36 305.31
-629.34 305.31
-629.39 305.31
-629.41 305.31
-629.45 305.37
-629.50 305.37
-629.57 305.37
-629.66 305.37
-629.71 305.37
-629.74 305.37
-629.77 305.37
-629.81 305.43
-629.80 305.37
-629.79 305.43
-629.78 305.43
-629.74 305.43
-629.73 305.43
-629.72 305.43
-629.67 305.43
-629.64 305.43
-629.68 305.43
-629.69 305.43
-629.72 305.43
-629.83 305.50
-629.96 305.50
-630.02 305.50
-630.17 305.50
-630.30 305.50
-630.44 305.50
-630.55 305.50
-630.66 305.50
-630.75 305.56
-630.83 305.56
-630.92 305.56
-630.94 305.56
-631.00 305.56
-631.03 305.56
-631.06 305.56
-631.09 305.56
-631.19 305.56
-631.22 305.56
-631.32 305.62
-631.39 305.56
-631.45 305.62
-631.51 305.62
-631.65 305.62
-631.73 305.62
-631.85 305.62
-631.96 305.62
-632.05 305.62
-632.19 305.62
-632.31 305.68
-632.42 305.68
-632.54 305.68
-632.71 305.68
-632.84 305.68
-632.94 305.68
-633.07 305.68
-633.19 305.68
-633.29 305.68
-633.41 305.68
-633.49 305.74
-633.63 305.74
-633.75 305.74
-633.88 305.74
-633.98 305.74
-634.09 305.74
-634.22 305.74
-634.33 305.80
-634.48 305.80
-634.61 305.80
-634.70 305.80
-634.81 305.80
-634.81 305.80
-634.87 305.80
-634.90 305.80
-634.90 305.80
-634.90 305.80
-634.93 305.80
-634.90 305.86
-634.89 305.86
-634.88 305.86
-634.91 305.86
-634.91 305.86
-634.98 305.86
-635.05 305.86
-635.13 305.86
-635.20 305.86
-635.30 305.86
-635.35 305.86
-635.45 305.92
-635.47 305.86
-635.52 305.92
-635.52 305.92
-635.54 305.92
-635.53 305.92
-635.45 305.92
-635.43 305.92
-635.39 305.92
-635.31 305.92
-635.17 305.92
-635.04 305.92
-634.90 305.92
-634.72 305.92
-634.55 305.92
-634.35 305.92
-634.13 305.92
-633.90 305.92
-633.64 305.92
-633.44 305.99
-633.24 305.99
-633.04 305.99
-632.86 305.92
-632.64 305.99
-632.48 305.92
-632.32 305.92
-632.08 305.99
-631.82 305.92
-631.54 305.99
-631.30 305.92
-631.01 305.92
-630.79 305.99
-630.57 305.99
-630.39 305.99
-630.25 305.92
-630.11 305.99
-630.01 305.99
-629.89 305.99
-629.79 305.99
-629.66 305.99
-629.53 305.99
-629.45 305.99
-629.32 305.99
-629.24 305.99
-629.12 305.99
-629.05 305.99
-628.97 305.99
-628.92 305.99
-628.88 305.99
-628.90 305.99
-628.89 305.99
-628.85 305.99
-628.80 305.99
-628.75 305.99
-628.67 305.99
-628.65 305.99
-628.27 305.99
-627.82 305.99
-627.87 305.99
-627.87 306.05
-627.86 305.99
-627.80 305.99
-627.78 306.05
-627.74 305.99
-627.74 305.99
-627.73 305.99
-627.67 305.99
-627.64 305.99
-627.54 305.99
-627.47 305.99
-627.42 305.99
-627.38 305.99
-627.37 305.99
-627.32 306.05
-627.29 305.99
-627.22 305.99
-627.18 306.05
-627.22 305.99
-627.17 305.99
-627.17 305.99
-627.17 305.99
-627.16 306.05
-627.10 305.99
-627.10 305.99
-627.13 305.99
-627.16 305.99
-627.18 305.99
-626.77 305.99
-626.25 306.05
-626.25 305.99
-626.27 305.99
-626.24 305.99
-626.26 305.99
-626.27 305.99
-626.29 305.99
-626.32 306.05
-626.38 305.99
-626.44 305.99
-626.50 306.05
-626.51 305.99
-626.51 306.05
-626.52 306.05
-626.48 305.99
-626.43 305.99
-626.32 306.05
-626.21 306.05
-626.12 306.05
-625.97 306.05
-625.83 306.05
-625.66 305.99
-625.49 305.99
-625.36 306.05
-625.18 305.99
-625.05 306.05
-624.88 306.05
-624.68 306.05
-624.49 306.05
-624.32 306.05
-624.17 306.05
-624.04 306.05
-623.95 306.05
-623.81 305.99
-623.63 306.05
-623.45 306.05
-623.33 306.05
-623.18 306.05
-623.10 306.05
-623.01 306.05
-622.90 306.05
-622.79 306.05
-622.59 306.05
-622.33 306.05
-622.08 306.05
-621.87 305.99
-621.69 305.99
-621.49 305.99
-621.20 305.99
-620.97 305.99
-620.70 305.99
-620.42 305.99
-620.15 305.99
-619.94 305.99
-619.77 305.99
-619.58 305.99
-619.42 305.92
-619.35 305.92
-619.28 305.92
-619.25 305.92
-619.28 305.92
-619.30 305.92
-619.34 305.92
-619.36 305.92
-619.37 305.86
-619.45 305.86
-619.49 305.92
-619.57 305.86
-619.63 305.92
-619.71 305.86
-619.82 305.86
-619.90 305.86
-619.98 305.86
-620.02 305.86
-620.04 305.86
-620.01 305.86
-619.88 305.86
-619.66 305.86
-619.50 305.86
-619.31 305.86
-619.05 305.86
-618.81 305.86
-618.64 305.86
-618.48 305.86
-618.35 305.86
-618.23 305.80
-618.20 305.86
-618.15 305.80
-618.12 305.80
-618.08 305.80
-618.06 305.80
-617.97 305.80
-617.87 305.80
-617.72 305.80
-617.53 305.80
-617.32 305.80
-617.15 305.80
-617.04 305.80
-616.87 305.80
-616.77 305.80
-616.67 305.80
-616.58 305.80
-616.48 305.80
-616.42 305.80
-616.31 305.80
-616.23 305.80
-616.13 305.80
-616.06 305.80
-616.07 305.80
-616.03 305.80
-616.02 305.80
-616.02 305.80
-616.06 305.80
-616.14 305.80
-616.22 305.80
-616.31 305.80
-616.40 305.80
-616.51 305.80
-616.58 305.80
-616.67 305.80
-616.77 305.80
-616.90 305.80
-617.01 305.80
-617.13 305.80
-617.26 305.80
-617.48 305.80
-617.62 305.80
-617.81 305.80
-617.93 305.80
-618.02 305.80
-618.04 305.80
-618.06 305.86
-618.10 305.80
-618.12 305.86
-618.20 305.86
-618.28 305.86
-618.37 305.86
-618.50 305.86
-618.64 305.86
-618.81 305.86
-618.99 305.86
-619.20 305.86
-619.42 305.86
-619.62 305.86
-619.83 305.86
-620.04 305.86
-620.26 305.86
-620.47 305.92
-620.65 305.86
-620.87 305.92
-621.06 305.92
-621.27 305.92
-621.42 305.92
-621.58 305.92
-621.68 305.92
-621.80 305.92
-621.88 305.92
-622.01 305.92
-622.16 305.99
-622.29 305.99
-622.41 305.99
-622.55 305.99
-622.69 305.99
-622.85 305.99
-622.96 305.99
-623.11 305.99
-623.22 305.99
-623.35 306.05
-623.46 306.05
-623.59 306.05
-623.70 306.05
-623.80 306.05
-623.89 306.05
-624.02 306.05
-624.15 306.11
-624.25 306.05
-624.36 306.11
-624.44 306.11
-624.57 306.11
-624.72 306.11
-624.83 306.11
-624.95 306.11
-625.05 306.11
-625.19 306.11
-625.29 306.11
-625.39 306.17
-625.46 306.17
-625.56 306.17
-625.68 306.17
-625.76 306.17
-625.89 306.17
-625.97 306.17
-626.07 306.17
-626.14 306.17
-626.22 306.17
-626.28 306.17
-626.34 306.23
-626.35 306.23
-626.39 306.23
-626.43 306.23
-626.46 306.23
-626.46 306.23
-626.54 306.23
-626.56 306.30
-626.59 306.30
-626.56 306.30
-626.45 306.30
-626.28 306.30
-626.04 306.30
-625.83 306.30
-625.61 306.30
-625.41 306.30
-625.23 306.30
-625.08 306.36
-625.02 306.30
-624.98 306.30
-624.96 306.36
-624.95 306.36
-624.98 306.36
-625.05 306.36
-625.08 306.36
-625.06 306.36
-625.05 306.36
-625.03 306.36
-624.96 306.36
-624.91 306.36
-624.84 306.36
-624.84 306.36
-624.80 306.36
-624.81 306.36
-624.77 306.36
-624.77 306.36
-624.83 306.42
-624.84 306.42
-624.84 306.36
-624.89 306.42
-624.88 306.42
-624.92 306.42
-624.88 306.42
-624.91 306.42
-624.93 306.42
-624.91 306.42
-624.93 306.42
-624.94 306.49
-624.95 306.42
-624.96 306.49
-625.00 306.49
-625.02 306.42
-625.09 306.49
-625.16 306.49
-625.24 306.49
-625.31 306.49
-625.39 306.49
-625.50 306.49
-625.58 306.49
-625.66 306.49
-625.78 306.49
-625.87 306.49
-625.96 306.49
-626.07 306.49
-626.20 306.55
-626.30 306.55
-626.38 306.55
-626.47 306.55
-626.56 306.55
-626.62 306.55
-626.65 306.55
-626.62 306.55
-626.62 306.55
-626.61 306.55
-626.60 306.55
-626.56 306.55
-626.51 306.55
-626.46 306.62
-626.36 306.62
-626.28 306.62
-626.15 306.62
-626.03 306.62
-625.89 306.62
-625.71 306.62
-625.55 306.62
-625.36 306.62
-625.19 306.62
-625.00 306.62
-624.77 306.62
-624.62 306.62
-624.46 306.62
-624.32 306.62
-624.20 306.62
-624.12 306.62
-624.05 306.62
-624.04 306.62
-624.02 306.62
-624.05 306.62
-624.11 306.62
-624.15 306.62
-624.21 306.62
-624.34 306.62
-624.40 306.68
-624.44 306.62
-624.53 306.68
-624.62 306.68
-624.67 306.68
-624.77 306.68
-624.90 306.68
-625.02 306.68
-625.07 306.68
-625.19 306.68
-625.33 306.68
-625.43 306.74
-625.54 306.68
-625.61 306.74
-625.70 306.74
-625.78 306.74
-625.85 306.74
-625.84 306.74
-625.82 306.74
-625.88 306.74
-625.87 306.74
-625.83 306.74
-625.84 306.74
-625.83 306.81
-625.87 306.81
-625.90 306.81
-625.91 306.81
-625.97 306.81
-626.09 306.81
-626.17 306.81
-626.25 306.81
-626.39 306.81
-626.47 306.81
-626.54 306.87
-626.61 306.81
-626.68 306.87
-626.68 306.87
-626.71 306.87
-626.69 306.87
-626.74 306.87
-626.74 306.87
-626.78 306.87
-626.79 306.87
-626.86 306.87
-626.92 306.87
-626.98 306.87
-627.06 306.87
-627.16 306.94
-627.20 306.94
-627.30 306.94
-627.36 306.94
-627.41 306.94
-627.45 306.94
-627.54 306.94
-627.56 306.94
-627.62 306.94
-627.70 306.94
-627.73 306.94
-627.81 306.94
-627.88 306.94
-627.86 306.94
-627.81 306.94
-627.75 307.00
-627.67 307.00
-627.61 307.00
-627.50 307.00
-627.29 307.00
-626.95 307.00
-626.54 307.00
-626.05 307.00
-625.54 307.00
-624.98 307.00
-624.52 307.00
-624.12 307.00
-623.76 307.00
-623.49 307.00
-623.26 307.00
-623.08 307.00
-622.94 307.00
-622.81 307.00
-622.66 307.00
-622.54 307.00
-622.45 307.00
-622.34 307.00
-622.26 307.00
-622.23 307.00
-622.18 307.00
-622.15 307.00
-622.14 307.00
-622.16 307.00
-622.21 307.00
-622.31 307.00
-622.40 307.00
-622.46 307.00
-622.52 307.00
-622.55 307.00
-622.65 307.00
-622.70 307.00
-622.73 307.00
-622.77 307.00
-622.81 307.00
-622.87 307.00
-622.96 307.00
-623.02 307.00
-623.11 307.00
-623.23 307.07
-623.30 307.07
-623.40 307.07
-623.47 307.07
-623.54 307.07
-623.61 307.07
-623.69 307.07
-623.76 307.07
-623.84 307.07
-623.90 307.07
-623.92 307.07
-623.97 307.07
-624.01 307.07
-624.01 307.07
-624.05 307.07
-624.06 307.07
-624.06 307.07
-624.09 307.14
-624.15 307.07
-624.20 307.14
-624.28 307.14
-624.34 307.14
-624.42 307.14
-624.55 307.14
-624.62 307.14
-624.73 307.14
-624.80 307.14
-624.86 307.14
-624.86 307.14
-624.90 307.14
-624.90 307.14
-624.93 307.14
-624.98 307.14
-625.03 307.14
-625.09 307.14
-625.14 307.14
-625.21 307.14
-625.16 307.14
-625.10 307.14
-624.99 307.14
-624.76 307.14
-624.54 307.14
-624.21 307.14
-623.81 307.14
-623.40 307.14
-622.94 307.14
-622.52 307.14
-622.11 307.14
-621.70 307.14
-621.23 307.14
-620.81 307.14
-620.40 307.14
-619.97 307.14
-619.55 307.14
-619.21 307.07
-618.96 307.07
-618.73 307.07
-618.53 307.07
-618.43 307.07
-618.36 307.07
-618.26 307.07
-618.17 307.07
-618.10 307.07
-618.08 307.07
-618.13 307.07
-618.19 307.07
-618.31 307.07
-618.43 307.07
-618.49 307.07
-618.49 307.07
-618.46 307.07
-618.49 307.07
-618.61 307.07
-618.67 307.07
-618.74 307.07
-618.76 307.07
-618.67 307.07
-618.61 307.07
-618.48 307.07
-618.34 307.07
-618.22 307.07
-618.19 307.07
-618.17 307.07
-618.19 307.07
-618.22 307.07
-618.27 307.07
-618.34 307.07
-618.37 307.07
-618.35 307.07
-618.31 307.07
-618.27 307.07
-618.28 307.07
-618.31 307.07
-618.38 307.07
-618.44 307.07
-618.46 307.07
-618.47 307.07
-618.53 307.00
-618.57 307.07
-618.63 307.07
-618.73 307.07
-618.75 307.07
-618.79 307.00
-618.83 307.00
-618.80 307.00
-618.76 307.00
-618.73 307.00
-618.67 307.00
-618.60 307.00
-618.56 307.00
-618.51 307.00
-618.48 307.00
-618.43 307.00
-618.49 307.00
-618.54 307.00
-618.64 307.00
-618.75 307.00
-618.90 307.00
-619.03 307.00
-619.13 307.00
-619.29 307.07
-619.47 307.00
-619.65 307.00
-619.81 307.00
-619.98 307.07
-620.16 307.07
-620.35 307.07
-620.49 307.07
-620.60 307.07
-620.70 307.07
-620.82 307.07
-620.88 307.07
-620.94 307.07
-621.00 307.07
-621.08 307.07
-621.13 307.07
-621.20 307.07
-621.34 307.07
-621.45 307.07
-621.55 307.14
-621.61 307.14
-621.70 307.14
-621.76 307.14
-621.82 307.14
-621.87 307.14
-621.94 307.14
-621.96 307.14
-621.98 307.14
-621.99 307.14
-622.02 307.14
-622.01 307.14
-622.01 307.14
-621.97 307.14
-621.95 307.14
-621.95 307.14
-621.96 307.14
-621.96 307.20
-621.96 307.14
-621.98 307.14
-621.95 307.14
-621.90 307.20
-621.83 307.20
-621.72 307.20
-621.53 307.20
-621.34 307.20
-621.05 307.20
-620.73 307.20
-620.48 307.20
-620.21 307.20
-619.97 307.20
-619.75 307.20
-619.62 307.20
-619.41 307.20
-619.26 307.20
-619.19 307.20
-619.10 307.20
-619.03 307.20
-618.95 307.20
-618.94 307.20
-618.92 307.20
-618.95 307.20
-619.01 307.20
-619.09 307.20
-619.23 307.20
-619.35 307.20
-619.53 307.20
-619.63 307.20
-619.76 307.20
-619.86 307.20
-619.92 307.20
-619.96 307.20
-620.02 307.20
-620.04 307.20
-620.02 307.20
-620.04 307.20
-620.10 307.20
-620.15 307.20
-620.18 307.20
-620.20 307.20
-620.19 307.20
-620.23 307.20
-620.22 307.20
-620.17 307.20
-620.07 307.20
-619.97 307.20
-619.88 307.20
-619.82 307.20
-619.74 307.20
-619.65 307.20
-619.58 307.20
-619.52 307.20
-619.46 307.20
-619.39 307.20
-619.37 307.20
-619.36 307.20
-619.39 307.20
-619.43 307.20
-619.51 307.14
-619.50 307.20
-619.57 307.20
-619.58 307.14
-619.63 307.20
-619.61 307.14
-619.60 307.14
-619.57 307.14
-619.59 307.20
-619.63 307.20
-619.66 307.14
-619.75 307.14
-619.85 307.14
-619.97 307.14
-620.09 307.14
-620.20 307.14
-620.36 307.14
-620.47 307.14
-620.55 307.20
-620.63 307.20
-620.70 307.14
-620.79 307.20
-620.90 307.20
-620.98 307.14
-621.08 307.20
-621.18 307.20
-621.31 307.20
-621.43 307.20
-621.56 307.20
-621.68 307.20
-621.82 307.20
-621.98 307.20
-622.11 307.20
-622.22 307.20
-622.39 307.20
-622.50 307.20
-622.66 307.27
-622.83 307.27
-622.96 307.27
-623.09 307.27
-623.23 307.27
-623.36 307.27
-623.48 307.27
-623.60 307.27
-623.69 307.27
-623.76 307.27
-623.85 307.27
-623.93 307.27
-623.99 307.27
-624.09 307.27
-624.08 307.27
-624.14 307.27
-624.13 307.27
-624.13 307.27
-624.09 307.27
-624.11 307.27
-624.16 307.33
-624.26 307.33
-624.32 307.33
-624.41 307.33
-624.51 307.33
-624.59 307.33
-624.68 307.33
-624.74 307.33
-624.74 307.33
-624.72 307.33
-624.68 307.33
-624.58 307.33
-624.48 307.33
-624.40 307.33
-624.33 307.40
-624.23 307.33
-624.08 307.40
-623.92 307.40
-623.75 307.40
-623.47 307.40
-623.08 307.40
-622.61 307.40
-622.16 307.40
-621.67 307.40
-621.19 307.40
-620.77 307.40
-620.34 307.40
-619.92 307.40
-619.55 307.40
-619.25 307.40
-619.09 307.40
-618.96 307.40
-618.89 307.40
-618.87 307.40
-618.89 307.40
-618.89 307.40
-618.97 307.40
-619.08 307.40
-619.19 307.40
-619.26 307.40
-619.30 307.40
-619.33 307.40
-619.29 307.40
-619.22 307.40
-619.12 307.40
-618.99 307.40
-618.96 307.40
-618.83 307.40
-618.75 307.40
-618.69 307.40
-618.65 307.40
-618.58 307.40
-618.49 307.40
-618.36 307.40
-618.17 307.40
-617.98 307.40
-617.89 307.40
-617.72 307.33
-617.54 307.33
-617.41 307.33
-617.30 307.33
-617.19 307.33
-617.11 307.33
-617.08 307.33
-617.11 307.33
-617.11 307.33
-617.16 307.33
-617.13 307.33
-617.15 307.33
-617.23 307.33
-617.26 307.33
-617.31 307.33
-617.38 307.33
-617.36 307.33
-617.41 307.33
-617.40 307.33
-617.41 307.33
-617.39 307.33
-617.38 307.33
-617.36 307.33
-617.27 307.33
-617.19 307.27
-617.07 307.33
-616.96 307.33
-616.88 307.27
-616.85 307.27
-616.83 307.27
-616.82 307.33
-616.81 307.27
-616.87 307.27
-616.95 307.33
-617.07 307.27
-617.14 307.33
-617.27 307.27
-617.40 307.33
-617.51 307.27
-617.66 307.33
-617.78 307.33
-617.87 307.33
-617.94 307.33
-618.04 307.33
-618.05 307.33
-618.10 307.33
-618.19 307.33
-618.21 307.33
-618.29 307.33
-618.45 307.33
-618.54 307.33
-618.67 307.33
-618.81 307.33
-618.95 307.33
-619.08 307.33
-619.22 307.33
-619.33 307.33
-619.48 307.33
-619.57 307.33
-619.67 307.33
-619.75 307.33
-619.83 307.33
-619.94 307.33
-620.02 307.40
-620.15 307.40
-620.26 307.40
-620.35 307.40
-620.42 307.40
-620.49 307.40
-620.52 307.40
-620.57 307.40
-620.57 307.40
-620.57 307.40
-620.60 307.40
-620.57 307.40
-620.53 307.40
-620.45 307.40
-620.36 307.40
-620.22 307.40
-620.12 307.40
-620.06 307.40
-619.96 307.40
-619.86 307.40
-619.80 307.40
-619.72 307.40
-619.56 307.40
-619.34 307.40
-619.17 307.40
-619.02 307.40
-618.93 307.40
-618.84 307.40
-618.75 307.40
-618.69 307.40
-618.65 307.40
-618.52 307.40
-618.44 307.40
-618.32 307.40
-618.17 307.40
-618.05 307.40
-617.99 307.40
-617.91 307.40
-617.81 307.40
-617.74 307.40
-617.70 307.40
-617.66 307.40
-617.62 307.40
-617.55 307.40
-617.46 307.40
-617.40 307.40
-617.32 307.40
-617.26 307.40
-617.21 307.40
-617.17 307.40
-617.19 307.47
-617.17 307.40
-617.14 307.40
-617.14 307.47
-617.20 307.47
-617.23 307.40
-617.34 307.47
-617.40 307.47
-617.51 307.47
-617.65 307.47
-617.78 307.47
-617.95 307.47
-618.08 307.47
-618.22 307.47
-618.35 307.47
-618.47 307.47
-618.61 307.47
-618.66 307.47
-618.75 307.47
-618.85 307.47
-618.89 307.47
-618.96 307.47
-619.02 307.47
-619.06 307.47
-619.11 307.47
-619.16 307.47
-619.20 307.47
-619.29 307.47
-619.34 307.47
-619.44 307.47
-619.55 307.54
-619.66 307.54
-619.78 307.54
-619.85 307.54
-619.89 307.54
-619.95 307.54
-619.97 307.54
-620.04 307.54
-620.03 307.54
-620.04 307.54
-620.02 307.54
-619.98 307.54
-619.92 307.54
-619.90 307.54
-619.86 307.54
-619.83 307.54
-619.79 307.54
-619.71 307.54
-619.66 307.54
-619.57 307.54
-619.51 307.54
-619.44 307.54
-619.39 307.54
-619.39 307.54
-619.40 307.54
-619.38 307.54
-619.37 307.54
-619.35 307.54
-619.32 307.54
-619.29 307.54
-619.30 307.54
-619.26 307.54
-619.24 307.54
-619.25 307.54
-619.21 307.54
-619.17 307.54
-619.10 307.54
-619.07 307.54
-619.04 307.54
-618.99 307.54
-618.93 307.54
-618.92 307.54
-618.87 307.54
-618.84 307.54
-618.80 307.54
-618.76 307.54
-618.74 307.54
-618.72 307.54
-618.74 307.54
-618.78 307.54
-618.76 307.54
-618.76 307.54
-618.74 307.54
-618.78 307.54
-618.78 307.54
-618.79 307.54
-618.86 307.54
-618.87 307.54
-618.91 307.54
-618.96 307.54
-618.97 307.54
-619.01 307.54
-619.07 307.54
-619.16 307.54
-619.22 307.54
-619.29 307.54
-619.40 307.54
-619.44 307.54
-619.49 307.54
-619.52 307.47
-619.53 307.54
-619.59 307.54
-619.57 307.54
-619.62 307.54
-619.64 307.54
-619.63 307.54
-619.66 307.54
-619.75 307.54
-619.74 307.54
-619.82 307.54
-619.91 307.47
-619.96 307.54
-620.01 307.54
-620.06 307.47
-620.13 307.47
-620.18 307.47
-620.27 307.54
-620.28 307.54
-620.40 307.54
-620.42 307.54
-620.49 307.54
-620.53 307.54
-620.52 307.47
-620.56 307.54
-620.56 307.54
-620.60 307.54
-620.61 307.54
-620.62 307.54
-620.67 307.54
-620.71 307.54
-620.74 307.54
-620.76 307.54
-620.85 307.54
-620.94 307.47
-621.01 307.54
-621.07 307.54
-621.17 307.54
-621.22 307.54
-621.33 307.54
-621.44 307.54
-621.50 307.54
-621.62 307.54
-621.76 307.54
-621.89 307.54
-622.01 307.54
-622.12 307.54
-622.26 307.54
-622.37 307.54
-622.46 307.54
-622.57 307.54
-622.65 307.54
-622.72 307.54
-622.80 307.54
-622.92 307.54
-622.99 307.54
-623.03 307.54
-623.12 307.54
-623.17 307.54
-623.20 307.54
-623.19 307.54
-623.25 307.54
-623.26 307.54
-623.32 307.54
-623.38 307.54
-623.41 307.54
-623.52 307.54
-623.59 307.54
-623.66 307.54
-623.74 307.60
-623.82 307.60
-623.87 307.60
-623.93 307.60
-624.00 307.60
-624.06 307.60
-624.18 307.60
-624.22 307.60
-624.26 307.60
-624.35 307.60
-624.42 307.60
-624.49 307.60
-624.51 307.60
-624.54 307.60
-624.59 307.60
-624.66 307.60
-624.71 307.60
-624.77 307.60
-624.85 307.60
-624.90 307.60
-624.97 307.60
-624.99 307.60
-625.05 307.60
-625.05 307.60
-625.08 307.60
-625.10 307.60
-625.14 307.60
-625.15 307.60
-625.18 307.60
-625.21 307.60
-625.24 307.60
-625.28 307.60
-625.33 307.60
-625.35 307.60
-625.39 307.60
-625.39 307.60
-625.43 307.60
-625.48 307.60
-625.52 307.60
-625.55 307.60
-625.57 307.60
-625.62 307.60
-625.67 307.60
-625.71 307.60
-625.70 307.60
-625.77 307.60
-625.78 307.60
-625.78 307.60
-625.83 307.60
-625.84 307.60
-625.87 307.60
-625.88 307.60
-625.86 307.60
-625.83 307.60
-625.82 307.60
-625.80 307.60
-625.74 307.60
-625.70 307.60
-625.65 307.60
-625.58 307.60
-625.47 307.60
-625.40 307.60
-625.35 307.60
-625.34 307.60
-625.26 307.60
-625.31 307.60
-625.24 307.60
-625.24 307.60
-625.27 307.60
-625.34 307.60
-625.35 307.60
-625.36 307.60
-625.34 307.60
-625.40 307.60
-625.44 307.60
-625.44 307.60
-625.40 307.60
-625.39 307.60
-625.36 307.60
-625.32 307.60
-625.30 307.60
-625.27 307.60
-625.19 307.60
-625.11 307.60
-625.06 307.60
-624.96 307.60
-624.88 307.60
-624.82 307.60
-624.75 307.60
-624.68 307.60
-624.63 307.60
-624.59 307.60
-624.52 307.54
-624.47 307.60
-624.43 307.60
-624.36 307.60
-624.32 307.60
-624.34 307.60
-624.33 307.60
-624.30 307.60
-624.19 307.60
-623.94 307.60
-623.69 307.60
-623.44 307.60
-623.17 307.54
-622.83 307.60
-622.56 307.54
-622.40 307.54
-622.27 307.54
-622.11 307.54
-622.09 307.54
-622.02 307.54
-622.00 307.54
-621.94 307.54
-621.92 307.54
-621.92 307.54
-621.76 307.54
-621.60 307.54
-621.44 307.54
-621.22 307.47
-621.08 307.47
-620.89 307.47
-620.69 307.47
-620.47 307.47
-620.22 307.47
-619.93 307.47
-619.73 307.47
-619.46 307.47
-619.21 307.47
-618.96 307.47
-618.63 307.47
-618.35 307.47
-618.06 307.47
-617.73 307.47
-617.44 307.47
-617.07 307.47
-616.77 307.47
-616.49 307.47
-616.17 307.47
-615.80 307.47
-615.47 307.40
-615.20 307.40
-614.94 307.40
-614.72 307.47
-614.50 307.47
-614.33 307.47
-614.11 307.40
-613.88 307.40
-613.67 307.40
-613.44 307.47
-613.29 307.40
-613.05 307.47
-612.86 307.47
-612.63 307.40
-612.45 307.47
-612.25 307.47
-612.08 307.47
-611.94 307.47
-611.74 307.40
-611.60 307.40
-611.45 307.40
-611.29 307.47
-611.16 307.47
-611.01 307.47
-610.92 307.40
-610.82 307.47
-610.76 307.40
-610.70 307.40
-610.67 307.47
-610.74 307.40
-610.75 307.47
-610.80 307.47
-610.81 307.40
-610.78 307.40
-610.68 307.47
-610.56 307.47
-610.43 307.47
-610.30 307.40
-610.21 307.47
-610.16 307.47
-610.10 307.47
-610.05 307.47
-610.01 307.47
-610.01 307.47
-609.98 307.40
-609.95 307.47
-609.95 307.40
-609.90 307.47
-609.83 307.47
-609.76 307.47
-609.69 307.47
-609.62 307.47
-609.57 307.47
-609.52 307.47
-609.51 307.47
-609.55 307.47
-609.60 307.40
-609.67 307.47
-609.76 307.47
-609.90 307.40
-610.07 307.40
-610.22 307.47
-610.33 307.47
-610.47 307.40
-610.55 307.47
-610.63 307.40
-610.66 307.47
-610.63 307.47
-610.64 307.47
-610.60 307.47
-610.60 307.47
-610.60 307.47
-610.62 307.40
-610.60 307.47
-610.59 307.47
-610.58 307.40
-610.50 307.40
-610.46 307.40
-610.46 307.40
-610.49 307.40
-610.52 307.40
-610.53 307.47
-610.54 307.40
-610.58 307.47
-610.61 307.40
-610.68 307.40
-610.76 307.40
-610.84 307.40
-610.94 307.40
-611.01 307.40
-611.13 307.40
-611.23 307.40
-611.38 307.47
-611.51 307.40
-611.67 307.47
-611.82 307.40
-611.95 307.40
-612.13 307.40
-612.27 307.40
-612.37 307.40
-612.43 307.40
-612.42 307.47
-612.28 307.40
-612.09 307.47
-611.80 307.40
-611.52 307.40
-611.26 307.40
-610.98 307.40
-610.70 307.40
-610.43 307.40
-610.16 307.40
-609.95 307.40
-609.75 307.40
-609.54 307.40
-609.40 307.40
-609.27 307.40
-609.15 307.40
-609.06 307.40
-608.99 307.40
-608.95 307.40
-608.85 307.40
-608.81 307.40
-608.78 307.40
-608.78 307.40
-608.79 307.40
-608.83 307.40
-608.87 307.33
-608.93 307.33
-609.00 307.33
-609.10 307.33
-609.30 307.33
-609.42 307.33
-609.56 307.33
-609.66 307.33
-609.80 307.33
-609.86 307.33
-609.88 307.33
-609.86 307.33
-609.81 307.33
-609.74 307.27
-609.59 307.27
-609.40 307.27
-609.18 307.27
-608.90 307.27
-608.65 307.27
-608.36 307.27
-608.09 307.20
-607.80 307.20
-607.53 307.20
-607.27 307.20
-607.07 307.20
-606.88 307.20
-606.70 307.20
-606.64 307.20
-606.59 307.20
-606.54 307.20
-606.52 307.14
-606.56 307.14
-606.58 307.14
-606.61 307.14
-606.66 307.14
-606.68 307.14
-606.75 307.14
-606.87 307.14
-606.97 307.14
-607.04 307.14
-607.14 307.14
-607.21 307.14
-607.32 307.14
-607.42 307.14
-607.49 307.14
-607.55 307.14
-607.64 307.14
-607.72 307.14
-607.78 307.14
-607.85 307.14
-607.94 307.14
-607.93 307.14
-608.02 307.14
-608.14 307.14
-608.21 307.14
-608.32 307.14
-608.47 307.14
-608.62 307.14
-608.76 307.14
-608.90 307.14
-609.07 307.14
-609.22 307.14
-609.37 307.14
-609.55 307.14
-609.72 307.14
-609.83 307.14
-610.00 307.14
-610.12 307.14
-610.26 307.14
-610.43 307.14
-610.61 307.14
-610.77 307.14
-610.89 307.14
-611.02 307.20
-611.18 307.20
-611.32 307.20
-611.44 307.20
-611.62 307.20
-611.71 307.20
-611.86 307.20
-612.05 307.20
-612.21 307.20
-612.33 307.20
-612.50 307.20
-612.65 307.20
-612.82 307.20
-613.01 307.20
-613.17 307.20
-613.37 307.20
-613.55 307.27
-613.71 307.27
-613.83 307.20
-614.01 307.20
-614.13 307.27
-614.27 307.20
-614.41 307.27
-614.55 307.27
-614.68 307.27
-614.74 307.27
-614.82 307.27
-614.92 307.27
-614.96 307.27
-614.94 307.27
-614.96 307.27
-614.96 307.27
-614.94 307.27
-614.90 307.27
-614.93 307.33
-614.97 307.33
-614.99 307.33
-615.07 307.33
-615.17 307.33
-615.22 307.33
-615.26 307.33
-615.31 307.33
-615.32 307.33
-615.37 307.33
-615.42 307.33
-615.46 307.33
-615.57 307.33
-615.68 307.33
-615.78 307.33
-615.85 307.33
-615.93 307.33
-615.99 307.33
-616.11 307.40
-616.24 307.40
-616.34 307.40
-616.45 307.40
-616.54 307.40
-616.56 307.40
-616.61 307.40
-616.61 307.40
-616.66 307.40
-616.66 307.40
-616.72 307.40
-616.79 307.40
-616.87 307.47
-616.95 307.47
-617.03 307.47
-617.13 307.47
-617.23 307.47
-617.35 307.47
-617.44 307.47
-617.56 307.47
-617.66 307.47
-617.72 307.47
-617.80 307.47
-617.91 307.47
-617.97 307.47
-618.05 307.47
-618.12 307.47
-618.17 307.47
-618.26 307.47
-618.31 307.47
-618.35 307.47
-618.36 307.47
-618.39 307.47
-618.41 307.47
-618.43 307.47
-618.45 307.47
-618.47 307.47
-618.47 307.47
-618.45 307.47
-618.47 307.47
-618.47 307.47
-618.51 307.47
-618.55 307.47
-618.60 307.47
-618.58 307.47
-618.60 307.47
-618.65 307.54
-618.69 307.54
-618.70 307.54
-618.73 307.54
-618.76 307.54
-618.80 307.54
-618.74 307.54
-618.75 307.54
-618.79 307.54
-618.83 307.54
-618.85 307.54
-618.85 307.54
-618.84 307.54
-618.81 307.54
-618.77 307.54
-618.84 307.54
-618.86 307.54
-618.89 307.54
-618.90 307.54
-618.96 307.54
-619.02 307.54
-619.09 307.54
-619.22 307.54
-619.17 307.54
-619.01 307.54
-618.76 307.54
-618.35 307.47
-617.90 307.47
-617.44 307.40
-617.05 307.40
-616.56 307.33
-615.86 307.33
-614.98 307.27
-614.06 307.27
-613.11 307.20
-612.16 307.20
-611.17 307.14
-610.21 307.14
-609.32 307.07
-608.38 307.07
-607.51 307.00
-606.61 307.00
-605.75 306.94
-604.94 306.87
-604.06 306.87
-603.06 306.81
-602.04 306.81
-601.08 306.74
-600.16 306.74
-599.26 306.68
-598.35 306.62
-597.48 306.62
-596.66 306.55
-595.90 306.49
-595.03 306.42
-594.21 306.42
-593.32 306.36
-592.40 306.30
-591.52 306.30
-590.61 306.23
-589.70 306.17
-588.86 306.17
-588.05 306.11
-587.26 306.05
-586.52 305.99
-585.82 305.99
-585.17 305.92
-584.50 305.86
-583.84 305.86
-583.22 305.80
-582.59 305.74
-581.95 305.74
-581.34 305.68
-580.74 305.62
-580.13 305.62
-579.51 305.56
-578.90 305.50
-578.34 305.50
-577.76 305.43
-577.15 305.37
-576.57 305.37
-576.10 305.31
-575.60 305.25
-575.15 305.25
-574.73 305.20
-574.33 305.14
-573.94 305.14
-573.56 305.08
-573.17 305.02
-572.80 305.02
-572.41 304.96
-572.10 304.96
-571.74 304.90
-571.37 304.84
-570.99 304.84
-570.64 304.78
-570.25 304.78
-569.87 304.73
-569.50 304.73
-569.14 304.67
-568.78 304.61
-568.43 304.61
-567.98 304.55
-567.58 304.49
-567.21 304.49
-566.85 304.44
-566.44 304.44
-566.03 304.38
-565.58 304.32
-565.19 304.32
-564.73 304.27
-564.29 304.21
-563.90 304.21
-563.46 304.15
-563.05 304.15
-562.65 304.10
-562.26 304.10
-561.86 304.04
-561.43 303.99
-561.05 303.99
-560.62 303.93
-560.25 303.93
-559.91 303.87
-559.61 303.82
-559.29 303.82
-559.01 303.76
-558.74 303.76
-558.45 303.71
-558.23 303.71
-558.04 303.65
-557.81 303.65
-557.62 303.60
-557.47 303.54
-557.28 303.54
-557.16 303.49
-557.05 303.49
-556.92 303.49
-556.76 303.44
-556.59 303.38
-556.45 303.38
-556.30 303.33
-556.12 303.33
-555.94 303.27
-555.78 303.27
-555.59 303.22
-555.42 303.22
-555.27 303.17
-555.10 303.17
-555.01 303.11
-554.88 303.11
-554.73 303.06
-554.59 303.06
-554.44 303.01
-554.31 303.01
-554.16 302.95
-554.01 302.95
-553.85 302.90
-553.74 302.85
-553.65 302.85
-553.51 302.85
-553.35 302.80
-553.22 302.74
-553.03 302.74
-552.82 302.74
-552.58 302.69
-552.30 302.64
-552.00 302.64
-551.68 302.59
-551.44 302.59
-551.19 302.54
-550.91 302.54
-550.63 302.48
-550.37 302.48
-550.07 302.43
-549.73 302.43
-549.34 302.38
-548.94 302.33
-548.63 302.33
-548.35 302.28
-548.05 302.28
-547.75 302.23
-547.42 302.23
-547.05 302.18
-546.75 302.18
-546.47 302.13
-546.20 302.08
-545.92 302.08
-545.61 302.03
-545.31 302.03
-545.06 301.98
-544.76 301.98
-544.37 301.93
-544.05 301.88
-543.68 301.88
-543.30 301.83
-542.91 301.83
-542.66 301.78
-542.35 301.73
-542.01 301.73
-541.72 301.68
-541.43 301.68
-541.16 301.63
-540.93 301.63
-540.72 301.58
-540.51 301.58
-540.24 301.53
-539.92 301.48
-539.70 301.48
-539.41 301.43
-539.14 301.43
-538.86 301.38
-538.64 301.34
-538.36 301.34
-538.09 301.29
-537.81 301.29
-537.54 301.24
-537.32 301.19
-537.15 301.19
-536.58 301.19
-536.91 301.14
-536.93 301.09
-536.79 301.09
-536.67 301.05
-536.55 301.05
-536.47 301.00
-536.37 301.00
-536.21 300.95
-536.09 300.95
-535.93 300.90
-535.76 300.90
-535.55 300.86
-535.38 300.86
-535.09 300.81
-534.81 300.76
-534.48 300.76
-534.18 300.72
-533.87 300.72
-533.58 300.67
-533.23 300.67
-532.87 300.62
-532.50 300.62
-532.13 300.58
-531.76 300.58
-531.42 300.53
-531.14 300.53
-530.87 300.48
-530.59 300.48
-530.25 300.44
-529.98 300.44
-529.69 300.39
-529.40 300.39
-529.12 300.35
-528.83 300.35
-528.56 300.30
-528.29 300.30
-528.04 300.25
-527.78 300.25
-527.59 300.21
-527.39 300.21
-527.17 300.16
-527.04 300.16
-526.90 300.12
-526.80 300.12
-526.71 300.07
-526.61 300.07
-526.51 300.03
-526.40 300.03
-526.24 300.03
-526.05 299.98
-525.91 299.98
-525.77 299.94
-525.60 299.94
-525.56 299.89
-525.44 299.89
-525.34 299.85
-525.16 299.85
-525.01 299.80
-524.91 299.80
-524.80 299.80
-524.73 299.76
-524.65 299.76
-524.59 299.71
-524.55 299.71
-524.50 299.67
-524.46 299.67
-524.42 299.67
-524.35 299.62
-524.31 299.62
-524.22 299.58
-524.12 299.58
-524.01 299.58
-523.83 299.54
-523.64 299.54
-523.44 299.49
-523.09 299.49
-522.78 299.45
-522.45 299.45
-522.13 299.41
-521.84 299.41
-521.52 299.36
-521.20 299.36
-520.85 299.32
-520.54 299.32
-520.22 299.28
-519.93 299.28
-519.64 299.23
-519.34 299.23
-518.94 299.19
-518.62 299.19
-518.31 299.19
-517.98 299.15
-517.72 299.10
-517.46 299.10
-517.21 299.10
-516.95 299.06
-516.73 299.06
-516.51 299.02
-516.32 299.02
-516.14 299.02
-515.99 298.97
-515.87 298.97
-515.75 298.93
-515.67 298.93
-515.62 298.93
-515.54 298.89
-515.48 298.89
-515.42 298.85
-515.35 298.85
-515.30 298.80
-515.23 298.80
-515.15 298.76
-515.12 298.76
-515.03 298.76
-514.98 298.72
-514.91 298.72
-514.77 298.68
-514.56 298.68
-514.38 298.64
-514.18 298.64
-514.08 298.60
-514.00 298.60
-513.90 298.60
-513.88 298.55
-513.85 298.55
-513.88 298.51
-513.90 298.51
-513.96 298.51
-514.02 298.47
-514.07 298.47
-514.09 298.43
-514.14 298.43
-514.19 298.43
-514.18 298.39
-514.16 298.39
-514.13 298.35
-514.16 298.35
-514.11 298.35
-514.12 298.31
-514.08 298.31
-514.00 298.26
-513.95 298.26
-513.88 298.26
-513.83 298.22
-513.78 298.22
-513.77 298.18
-513.76 298.18
-513.76 298.18
-513.77 298.14
-513.77 298.14
-513.76 298.10
-513.70 298.10
-513.61 298.06
-513.52 298.06
-513.39 298.06
-513.22 298.02
-513.09 298.02
-513.03 298.02
-513.00 297.98
-512.94 297.98
-512.81 297.98
-512.75 297.98
-512.66 297.94
-512.59 297.94
-512.50 297.90
-512.43 297.90
-512.36 297.90
-512.32 297.86
-512.25 297.86
-512.17 297.86
-512.13 297.82
-512.08 297.82
-512.07 297.82
-512.10 297.78
-512.09 297.78
-512.11 297.78
-512.10 297.74
-512.08 297.74
-512.04 297.74
-512.01 297.74
-511.92 297.70
-511.81 297.70
-511.69 297.70
-511.64 297.66
-511.54 297.66
-511.49 297.66
-511.46 297.66
-511.34 297.62
-511.25 297.62
-511.14 297.62
-510.95 297.58
-510.75 297.58
-510.57 297.58
-510.42 297.58
-510.26 297.54
-510.17 297.54
-510.05 297.54
-510.00 297.50
-509.94 297.50
-509.87 297.50
-509.84 297.46
-509.81 297.46
-509.77 297.46
-509.73 297.42
-509.74 297.42
-509.78 297.42
-509.81 297.38
-509.83 297.38
-509.89 297.38
-509.92 297.38
-509.95 297.35
-509.97 297.35
-509.98 297.35
-509.99 297.31
-509.98 297.31
-510.01 297.31
-510.04 297.31
-510.01 297.27
-510.05 297.27
-510.08 297.27
-509.98 297.27
-509.88 297.27
-509.80 297.23
-509.68 297.23
-509.61 297.23
-509.55 297.23
-509.49 297.19
-509.42 297.19
-509.36 297.19
-509.32 297.15
-509.28 297.15
-509.30 297.11
-509.32 297.15
-509.28 297.11
-509.23 297.11
-509.21 297.11
-509.22 297.08
-509.20 297.08
-509.16 297.08
-509.16 297.08
-509.15 297.04
-509.21 297.04
-509.21 297.04
-509.23 297.00
-509.23 297.00
-509.28 297.00
-509.24 297.00
-509.19 296.96
-509.13 296.96
-509.05 296.96
-508.99 296.96
-508.87 296.92
-508.72 296.92
-508.48 296.92
-508.23 296.88
-507.96 296.88
-507.75 296.88
-507.53 296.85
-507.35 296.85
-507.12 296.85
-506.93 296.85
-506.85 296.81
-506.79 296.81
-506.72 296.81
-506.72 296.77
-506.73 296.77
-506.66 296.77
-506.62 296.77
-506.52 296.73
-506.46 296.73
-506.41 296.73
-506.34 296.70
-506.24 296.70
-506.15 296.70
-506.06 296.70
-506.01 296.66
-505.94 296.66
-505.90 296.66
-505.87 296.66
-505.76 296.62
-505.68 296.62
-505.65 296.62
-505.59 296.62
-505.60 296.58
-505.61 296.58
-505.58 296.58
-505.64 296.58
-505.67 296.58
-505.67 296.55
-505.74 296.55
-505.81 296.55
-505.83 296.55
-505.91 296.51
-505.97 296.51
-505.97 296.51
-506.02 296.51
-506.06 296.51
-506.10 296.51
-506.07 296.47
-506.02 296.47
-505.93 296.47
-505.87 296.47
-505.79 296.47
-505.74 296.43
-505.65 296.43
-505.59 296.43
-505.51 296.43
-505.41 296.43
-505.37 296.40
-505.27 296.40
-505.18 296.40
-505.11 296.40
-505.02 296.40
-504.98 296.40
-504.93 296.36
-504.90 296.36
-504.90 296.36
-504.93 296.36
-504.98 296.32
-505.08 296.32
-505.15 296.32
-505.27 296.32
-505.44 296.32
-505.52 296.32
-505.60 296.32
-505.67 296.32
-505.76 296.29
-505.84 296.29
-505.90 296.29
-505.94 296.29
-505.99 296.29
-506.02 296.29
-506.09 296.29
-506.20 296.29
-506.26 296.25
-506.37 296.25
-506.43 296.25
-506.53 296.25
-506.58 296.25
-506.61 296.25
-506.68 296.25
-506.78 296.21
-506.86 296.21
-506.93 296.21
-506.99 296.21
-507.08 296.21
-507.15 296.21
-507.22 296.21
-507.36 296.21
-507.41 296.21
-507.48 296.21
-507.53 296.21
-507.54 296.21
-507.58 296.18
-507.58 296.18
-507.64 296.18
-507.70 296.18
-507.68 296.18
-507.72 296.18
-507.71 296.18
-507.74 296.18
-507.75 296.18
-507.75 296.18
-507.75 296.14
-507.74 296.14
-507.65 296.14
-507.67 296.14
-507.68 296.14
-507.69 296.14
-507.69 296.14
-507.64 296.14
-507.61 296.14
-507.55 296.14
-507.52 296.10
-507.42 296.10
-507.35 296.10
-507.25 296.10
-507.16 296.10
-507.05 296.10
-506.95 296.10
-506.89 296.10
-506.80 296.07
-506.66 296.07
-506.53 296.07
-506.35 296.07
-506.22 296.07
-506.08 296.07
-505.93 296.07
-505.79 296.07
-505.65 296.07
-505.47 296.07
-505.32 296.07
-505.21 296.03
-505.07 296.03
-504.93 296.03
-504.84 296.03
-504.73 296.03
-504.66 296.03
-504.58 296.03
-504.52 296.03
-504.42 296.00
-504.33 296.03
-504.27 296.00
-504.20 296.00
-504.12 296.00
-504.08 296.00
-504.05 296.00
-504.01 296.00
-504.02 296.00
-504.01 296.00
-504.05 295.96
-504.05 296.00
-504.05 295.96
-504.00 295.96
-503.98 295.96
-503.95 295.96
-503.93 295.96
-503.84 295.96
-503.81 295.96
-503.82 295.96
-503.80 295.96
-503.78 295.96
-503.73 295.96
-503.71 295.92
-503.61 295.92
-503.59 295.96
-503.59 295.92
-503.58 295.92
-503.54 295.92
-503.48 295.92
-503.41 295.92
-503.33 295.92
-503.26 295.92
-503.16 295.92
-503.06 295.92
-502.92 295.89
-502.85 295.89
-502.79 295.89
-502.76 295.89
-502.75 295.89
-502.75 295.89
-502.80 295.89
-502.83 295.89
-502.85 295.89
-502.91 295.89
-502.95 295.85
-503.04 295.85
-503.10 295.85
-503.16 295.85
-503.25 295.85
-503.31 295.85
-503.36 295.85
-503.41 295.85
-503.53 295.85
-503.55 295.85
-503.65 295.85
-503.68 295.85
-503.75 295.85
-503.85 295.85
-503.95 295.85
-504.00 295.82
-504.05 295.85
-504.06 295.85
-504.08 295.85
-504.07 295.85
-504.09 295.82
-504.06 295.82
-504.00 295.82
-503.99 295.82
-503.97 295.82
-504.01 295.82
-504.03 295.82
-504.05 295.82
-504.09 295.82
-504.16 295.82
-504.14 295.82
-504.17 295.82
-504.16 295.82
-504.18 295.82
-504.22 295.78
-504.25 295.78
-504.25 295.78
-504.18 295.78
-504.06 295.78
-503.97 295.78
-503.83 295.78
-503.73 295.78
-503.59 295.78
-503.38 295.78
-503.18 295.78
-502.96 295.78
-502.72 295.74
-502.46 295.78
-502.21 295.78
-501.94 295.74
-501.64 295.74
-501.40 295.74
-501.21 295.74
-501.02 295.74
-500.83 295.74
-500.63 295.74
-500.48 295.74
-500.31 295.71
-500.21 295.71
-500.11 295.71
-500.02 295.71
-499.91 295.71
-499.78 295.71
-499.67 295.71
-499.59 295.71
-499.47 295.71
-499.36 295.67
-499.26 295.67
-499.19 295.67
-499.18 295.67
-499.15 295.67
-499.11 295.67
-499.11 295.67
-499.07 295.64
-498.98 295.64
-498.92 295.64
-498.76 295.64
-498.63 295.64
-498.45 295.64
-498.14 295.60
-497.79 295.60
-497.53 295.60
-497.35 295.60
-497.12 295.60
-496.97 295.60
-496.84 295.57
-496.71 295.57
-496.63 295.57
-496.61 295.57
-496.58 295.57
-496.57 295.57
-496.57 295.57
-496.57 295.53
-496.52 295.53
-496.52 295.53
-496.46 295.53
-496.36 295.53
-496.30 295.53
-496.21 295.53
-496.08 295.50
-496.00 295.50
-495.92 295.50
-495.80 295.50
-495.74 295.50
-495.69 295.50
-495.65 295.46
-495.61 295.46
-495.58 295.46
-495.49 295.46
-495.43 295.46
-495.38 295.46
-495.29 295.46
-495.26 295.43
-495.24 295.43
-495.24 295.43
-495.25 295.43
-495.34 295.43
-495.39 295.43
-495.45 295.43
-495.54 295.43
-495.59 295.39
-495.65 295.43
-495.76 295.39
-495.84 295.43
-495.91 295.39
-496.01 295.39
-496.13 295.39
-496.23 295.39
-496.30 295.39
-496.36 295.39
-496.48 295.39
-496.57 295.39
-496.68 295.39
-496.80 295.39
-496.88 295.36
-497.01 295.39
-497.13 295.36
-497.26 295.36
-497.40 295.36
-497.51 295.36
-497.63 295.36
-497.75 295.36
-497.84 295.36
-497.92 295.36
-498.02 295.36
-498.07 295.36
-498.15 295.32
-498.20 295.32
-498.26 295.32
-498.29 295.32
-498.34 295.32
-498.33 295.32
-498.37 295.32
-498.43 295.32
-498.44 295.32
-498.51 295.32
-498.58 295.32
-498.58 295.32
-498.61 295.32
-498.62 295.32
-498.59 295.32
-498.55 295.32
-498.49 295.32
-498.39 295.32
-498.33 295.32
-498.24 295.32
-498.15 295.32
-498.06 295.32
-498.00 295.29
-497.93 295.29
-497.86 295.29
-497.82 295.29
-497.79 295.29
-497.76 295.29
-497.73 295.29
-497.70 295.29
-497.67 295.29
-497.62 295.29
-497.55 295.29
-497.50 295.29
-497.43 295.29
-497.45 295.29
-497.40 295.29
-497.42 295.29
-497.36 295.29
-497.35 295.29
-497.39 295.25
-497.44 295.25
-497.52 295.25
-497.64 295.25
-497.69 295.25
-497.77 295.25
-497.85 295.25
-497.89 295.25
-497.98 295.25
-498.06 295.25
-498.15 295.25
-498.16 295.25
-498.18 295.25
-498.20 295.25
-498.24 295.25
-498.23 295.25
-498.19 295.25
-498.13 295.25
-498.10 295.25
-498.03 295.25
-498.03 295.25
-498.03 295.25
-497.98 295.25
-497.95 295.25
-497.92 295.25
-497.91 295.25
-497.86 295.25
-497.74 295.25
-497.63 295.25
-497.54 295.25
-497.44 295.25
-497.33 295.25
-497.24 295.25
-497.16 295.25
-497.08 295.22
-496.99 295.22
-496.92 295.22
-496.87 295.22
-496.85 295.22
-496.80 295.22
-496.82 295.22
-496.80 295.22
-496.78 295.22
-496.74 295.22
-496.72 295.22
-496.72 295.22
-496.70 295.22
-496.68 295.22
-496.70 295.22
-496.74 295.22
-496.77 295.22
-496.85 295.22
-496.87 295.22
-496.92 295.22
-496.99 295.22
-497.10 295.22
-497.18 295.22
-497.23 295.22
-497.37 295.22
-497.45 295.22
-497.55 295.22
-497.63 295.22
-497.70 295.22
-497.78 295.22
-497.85 295.22
-497.91 295.22
-498.01 295.22
-498.06 295.22
-498.12 295.22
-498.13 295.22
-498.16 295.22
-498.12 295.22
-498.10 295.22
-498.11 295.22
-498.19 295.22
-498.20 295.22
-498.23 295.22
-498.22 295.22
-498.22 295.22
-498.21 295.22
-498.23 295.22
-498.24 295.22
-498.27 295.22
-498.32 295.22
-498.32 295.22
-498.33 295.22
-498.34 295.22
-498.32 295.22
-498.25 295.22
-498.26 295.22
-498.20 295.22
-498.15 295.22
-498.11 295.22
-498.04 295.22
-497.99 295.22
-497.92 295.22
-497.82 295.22
-497.70 295.22
-497.59 295.22
-497.47 295.22
-497.30 295.22
-497.11 295.22
-496.89 295.22
-496.74 295.22
-496.59 295.22
-496.41 295.22
-496.25 295.22
-496.08 295.22
-495.95 295.18
-495.84 295.22
-495.75 295.22
-495.71 295.18
-495.65 295.18
-495.60 295.18
-495.53 295.18
-495.47 295.18
-495.47 295.18
-495.47 295.18
-495.46 295.18
-495.52 295.18
-495.53 295.18
-495.58 295.18
-495.66 295.18
-495.76 295.18
-495.88 295.18
-495.98 295.18
-496.11 295.18
-496.23 295.18
-496.33 295.18
-496.46 295.18
-496.58 295.18
-496.73 295.22
-496.88 295.18
-496.94 295.18
-496.97 295.18
-497.02 295.18
-496.98 295.18
-497.02 295.18
-497.04 295.18
-497.00 295.18
-496.97 295.18
-496.96 295.18
-496.93 295.18
-496.88 295.18
-496.85 295.18
-496.80 295.18
-496.79 295.18
-496.81 295.18
-496.80 295.18
-496.85 295.18
-496.91 295.18
-496.92 295.22
-496.89 295.18
-496.88 295.18
-496.83 295.18
-496.74 295.18
-496.64 295.18
-496.60 295.18
-496.60 295.18
-496.59 295.18
-496.55 295.18
-496.51 295.18
-496.51 295.18
-496.53 295.18
-496.56 295.18
-496.60 295.18
-496.67 295.15
-496.69 295.18
-496.74 295.18
-496.84 295.18
-496.87 295.15
-496.91 295.18
-497.00 295.15
-497.04 295.15
-497.05 295.15
-497.07 295.15
-497.08 295.15
-497.14 295.15
-497.19 295.15
-497.19 295.15
-497.22 295.15
-497.26 295.15
-497.36 295.15
-497.37 295.15
-497.39 295.15
-497.42 295.15
-497.45 295.15
-497.47 295.15
-497.46 295.15
-497.40 295.15
-497.35 295.15
-497.35 295.15
-497.35 295.15
-497.37 295.15
-497.32 295.15
-497.32 295.15
-497.30 295.15
-497.27 295.15
-497.32 295.15
-497.33 295.15
-497.30 295.15
-497.31 295.15
-497.34 295.15
-497.35 295.15
-497.33 295.15
-497.28 295.15
-497.23 295.15
-497.23 295.15
-497.26 295.15
-497.24 295.15
-497.26 295.15
-497.29 295.15
-497.29 295.15
-497.38 295.15
-497.41 295.15
-497.48 295.15
-497.52 295.15
-497.63 295.15
-497.73 295.15
-497.76 295.15
-497.82 295.15
-497.92 295.15
-497.98 295.15
-498.00 295.15
-498.03 295.15
-498.11 295.18
-498.15 295.18
-498.17 295.18
-498.22 295.18
-498.27 295.18
-498.27 295.18
-498.36 295.18
-498.39 295.18
-498.41 295.18
-498.52 295.18
-498.54 295.18
-498.60 295.18
-498.68 295.18
-498.73 295.18
-498.77 295.18
-498.77 295.18
-498.84 295.18
-498.85 295.18
-498.91 295.18
-498.92 295.18
-498.94 295.18
-498.95 295.22
-498.95 295.22
-498.99 295.22
-499.01 295.22
-499.04 295.22
-499.06 295.22
-499.06 295.22
-499.07 295.22
-499.07 295.22
-499.06 295.22
-499.11 295.22
-499.17 295.22
-499.20 295.22
-499.18 295.22
-499.16 295.22
-499.17 295.22
-499.18 295.22
-499.13 295.22
-499.09 295.22
-499.07 295.22
-499.07 295.22
-499.05 295.22
-498.98 295.22
-498.97 295.25
-498.93 295.22
-498.91 295.22
-498.91 295.22
-498.89 295.22
-498.92 295.25
-498.92 295.25
-498.94 295.22
-498.95 295.22
-498.96 295.25
-498.96 295.22
-498.98 295.22
-498.99 295.25
-498.99 295.22
-498.98 295.22
-498.99 295.22
-499.04 295.25
-499.04 295.22
-499.03 295.22
-499.04 295.22
-499.07 295.25
-499.08 295.22
-499.13 295.22
-499.12 295.25
-499.18 295.25
-499.19 295.25
-499.22 295.22
-499.23 295.25
-499.25 295.25
-499.29 295.25
-499.30 295.25
-499.35 295.25
-499.30 295.25
-499.25 295.25
-499.19 295.25
-499.14 295.25
-499.08 295.25
-499.02 295.25
-499.01 295.25
-498.98 295.25
-498.95 295.25
-498.95 295.25
-498.91 295.25
-498.84 295.25
-498.82 295.25
-498.81 295.25
-498.82 295.25
-498.81 295.25
-498.79 295.25
-498.80 295.25
-498.83 295.25
-498.85 295.25
-498.79 295.25
-498.75 295.25
-498.80 295.25
-498.81 295.25
-498.85 295.25
-498.81 295.25
-498.81 295.25
-498.82 295.25
-498.81 295.25
-498.80 295.25
-498.78 295.25
-498.74 295.25
-498.70 295.25
-498.70 295.25
-498.71 295.25
-498.72 295.25
-498.72 295.25
-498.75 295.25
-498.69 295.25
-498.64 295.25
-498.57 295.25
-498.52 295.25
-498.47 295.25
-498.41 295.25
-498.33 295.25
-498.23 295.25
-498.19 295.25
-498.15 295.25
-498.06 295.25
-498.06 295.25
-497.95 295.25
-497.86 295.25
-497.80 295.25
-497.73 295.25
-497.63 295.25
-497.49 295.25
-497.36 295.25
-497.27 295.25
-497.14 295.25
-496.99 295.25
-496.82 295.25
-496.75 295.25
-496.72 295.25
-496.68 295.25
-496.67 295.25
-496.59 295.25
-496.51 295.25
-496.46 295.25
-496.42 295.25
-496.40 295.25
-496.37 295.25
-496.35 295.25
-496.34 295.25
-496.37 295.25
-496.35 295.25
-496.36 295.25
-496.41 295.25
-496.44 295.25
-496.46 295.25
-496.46 295.25
-496.48 295.25
-496.50 295.25
-496.51 295.25
-496.54 295.25
-496.58 295.25
-496.61 295.25
-496.66 295.25
-496.62 295.25
-496.55 295.25
-496.51 295.29
-496.46 295.25
-496.43 295.25
-496.39 295.25
-496.34 295.25
-496.28 295.25
-496.22 295.22
-496.16 295.25
-496.10 295.25
-496.02 295.25
-495.94 295.25
-495.94 295.22
-495.96 295.22
-495.94 295.25
-495.98 295.25
-495.97 295.22
-495.95 295.25
-495.96 295.22
-495.97 295.22
-495.98 295.22
-496.01 295.22
-496.06 295.22
-496.12 295.22
-496.14 295.22
-496.18 295.22
-496.26 295.22
-496.30 295.22
-496.30 295.22
-496.41 295.22
-496.49 295.22
-496.54 295.25
-496.63 295.22
-496.71 295.22
-496.74 295.22
-496.77 295.22
-496.76 295.22
-496.81 295.22
-496.80 295.22
-496.83 295.22
-496.85 295.22
-496.86 295.22
-496.90 295.22
-496.91 295.22
-496.93 295.22
-496.96 295.22
-496.96 295.22
-497.01 295.22
-497.05 295.22
-497.07 295.22
-497.09 295.22
-497.07 295.22
-497.10 295.22
-497.12 295.22
-497.12 295.22
-497.12 295.22
-497.12 295.22
-497.12 295.22
-497.14 295.22
-497.09 295.22
-497.07 295.22
-497.05 295.22
-497.03 295.22
-497.05 295.22
-497.07 295.22
-497.11 295.22
-497.13 295.22
-497.18 295.22
-497.21 295.25
-497.27 295.22
-497.31 295.22
-497.32 295.22
-497.35 295.25
-497.35 295.22
-497.39 295.22
-497.47 295.22
-497.53 295.22
-497.63 295.22
-497.71 295.22
-497.75 295.25
-497.80 295.25
-497.81 295.25
-497.85 295.25
-497.90 295.25
-497.94 295.25
-497.99 295.25
-498.05 295.25
-498.12 295.25
-498.14 295.25
-498.17 295.25
-498.23 295.25
-498.23 295.25
-498.26 295.25
-498.25 295.25
-498.30 295.25
-498.27 295.25
-498.25 295.25
-498.26 295.25
-498.26 295.25
-498.21 295.25
-498.18 295.25
-498.17 295.25
-498.15 295.25
-498.08 295.25
-498.04 295.25
-497.98 295.25
-497.89 295.25
-497.81 295.25
-497.78 295.25
-497.73 295.25
-497.63 295.25
-497.62 295.29
-497.57 295.25
-497.51 295.25
-497.49 295.25
-497.44 295.25
-497.40 295.25
-497.36 295.25
-497.34 295.25
-497.31 295.25
-497.31 295.25
-497.28 295.25
-497.24 295.25
-497.22 295.25
-497.19 295.25
-497.15 295.25
-497.18 295.25
-497.17 295.25
-497.18 295.25
-497.16 295.25
-497.12 295.25
-497.10 295.25
-497.11 295.25
-497.02 295.25
-497.02 295.25
-496.94 295.25
-496.88 295.25
-496.76 295.25
-496.63 295.25
-496.52 295.25
-496.34 295.25
-496.21 295.25
-496.04 295.25
-495.93 295.25
-495.82 295.25
-495.71 295.25
-495.62 295.25
-495.47 295.25
-495.38 295.25
-495.28 295.25
-495.20 295.25
-495.11 295.25
-494.99 295.25
-494.86 295.25
-494.76 295.25
-494.64 295.25
-494.53 295.25
-494.37 295.25
-494.19 295.22
-494.08 295.22
-493.96 295.22
-493.83 295.22
-493.71 295.22
-493.56 295.22
-493.48 295.22
-493.40 295.22
-493.31 295.22
-493.22 295.22
-493.13 295.22
-493.08 295.22
-493.02 295.22
-492.99 295.22
-493.03 295.22
-492.98 295.22
-492.94 295.22
-492.92 295.22
-492.89 295.22
-492.90 295.22
-492.88 295.22
-492.86 295.18
-492.82 295.22
-492.76 295.22
-492.73 295.22
-492.73 295.22
-492.72 295.18
-492.69 295.18
-492.64 295.18
-492.58 295.18
-492.54 295.18
-492.50 295.18
-492.47 295.18
-492.49 295.18
-492.53 295.18
-492.55 295.18
-492.55 295.18
-492.54 295.18
-492.56 295.18
-492.60 295.18
-492.65 295.18
-492.70 295.18
-492.74 295.18
-492.74 295.18
-492.79 295.18
-492.82 295.18
-492.86 295.18
-492.86 295.18
-492.89 295.18
-492.95 295.18
-493.02 295.18
-493.02 295.18
-493.06 295.18
-493.16 295.18
-493.21 295.18
-493.28 295.18
-493.35 295.18
-493.38 295.18
-493.38 295.18
-493.46 295.18
-493.47 295.18
-493.48 295.18
-493.49 295.15
-493.45 295.18
-493.47 295.18
-493.49 295.18
-493.48 295.18
-493.41 295.18
-493.37 295.18
-493.34 295.18
-493.32 295.18
-493.28 295.18
-493.28 295.18
-493.28 295.18
-493.28 295.18
-493.24 295.18
-493.23 295.18
-493.23 295.15
-493.21 295.18
-493.18 295.18
-493.14 295.18
-493.16 295.18
-493.15 295.18
-493.17 295.18
-493.23 295.18
-493.30 295.18
-493.28 295.18
-493.33 295.18
-493.39 295.18
-493.46 295.18
-493.50 295.18
-493.55 295.18
-493.64 295.18
-493.62 295.18
-493.64 295.18
-493.66 295.18
-493.72 295.18
-493.71 295.18
-493.71 295.18
-493.71 295.18
-493.72 295.15
-493.72 295.18
-493.70 295.18
-493.65 295.18
-493.54 295.18
-493.45 295.18
-493.34 295.18
-493.25 295.15
-493.19 295.15
-493.21 295.18
-493.25 295.15
-493.31 295.15
-493.34 295.15
-493.42 295.15
-493.46 295.15
-493.54 295.15
-493.60 295.15
-493.64 295.15
-493.70 295.15
-493.74 295.15
-493.80 295.15
-493.87 295.15
-493.97 295.15
-494.06 295.15
-494.08 295.15
-494.17 295.15
-494.20 295.15
-494.29 295.15
-494.31 295.15
-494.38 295.15
-494.43 295.15
-494.40 295.15
-494.36 295.15
-494.38 295.15
-494.30 295.15
-494.29 295.15
-494.22 295.15
-494.19 295.15
-494.18 295.15
-494.17 295.15
-494.15 295.15
-494.16 295.15
-494.15 295.15
-494.13 295.15
-494.11 295.15
-494.11 295.15
-494.13 295.15
-494.18 295.15
-494.22 295.15
-494.26 295.15
-494.34 295.15
-494.36 295.15
-494.41 295.15
-494.40 295.15
-494.37 295.15
-494.37 295.15
-494.38 295.15
-494.37 295.15
-494.41 295.15
-494.43 295.15
-494.50 295.15
-494.53 295.15
-494.59 295.15
-494.66 295.15
-494.71 295.15
-494.70 295.15
-494.75 295.15
-494.77 295.15
-494.78 295.15
-494.81 295.15
-494.82 295.15
-494.79 295.15
-494.76 295.15
-494.74 295.15
-494.73 295.15
-494.76 295.15
-494.74 295.15
-494.66 295.15
-494.57 295.15
-494.43 295.15
-494.35 295.15
-494.26 295.15
-494.22 295.15
-494.16 295.15
-494.06 295.15
-494.01 295.15
-493.92 295.15
-493.90 295.15
-493.83 295.15
-493.72 295.15
-493.68 295.15
-493.63 295.15
-493.58 295.11
-493.54 295.15
-493.51 295.11
-493.47 295.11
-493.46 295.11
-493.41 295.11
-493.38 295.11
-493.37 295.11
-493.40 295.11
-493.39 295.11
-493.42 295.11
-493.51 295.11
-493.55 295.11
-493.61 295.11
-493.67 295.11
-493.73 295.11
-493.83 295.15
-493.88 295.11
-493.94 295.11
-493.98 295.15
-493.99 295.15
-494.08 295.15
-494.15 295.15
-494.18 295.15
-494.19 295.15
-494.24 295.11
-494.27 295.15
-494.34 295.15
-494.35 295.15
-494.40 295.15
-494.47 295.15
-494.47 295.15
-494.53 295.15
-494.52 295.15
-494.52 295.15
-494.55 295.15
-494.57 295.15
-494.61 295.15
-494.66 295.15
-494.70 295.15
-494.73 295.15
-494.79 295.15
-494.84 295.15
-494.80 295.15
-494.78 295.15
-494.78 295.15
-494.81 295.15
-494.82 295.15
-494.82 295.15
-494.83 295.15
-494.83 295.15
-494.83 295.15
-494.82 295.15
-494.76 295.15
-494.73 295.15
-494.69 295.15
-494.62 295.15
-494.55 295.15
-494.48 295.15
-494.42 295.15
-494.42 295.15
-494.39 295.15
-494.39 295.15
-494.37 295.15
-494.38 295.15
-494.44 295.15
-494.48 295.15
-494.48 295.15
-494.50 295.15
-494.55 295.15
-494.57 295.15
-494.61 295.15
-494.61 295.15
-494.60 295.15
-494.62 295.15
-494.60 295.15
-494.56 295.15
-494.56 295.15
-494.54 295.15
-494.52 295.15
-494.57 295.15
-494.53 295.15
-494.54 295.15
-494.50 295.15
-494.51 295.15
-494.55 295.15
-494.62 295.15
-494.64 295.15
-494.63 295.18
-494.65 295.18
-494.65 295.18
-494.62 295.18
-494.63 295.18
-494.60 295.18
-494.57 295.18
-494.57 295.15
-494.47 295.15
-494.47 295.18
-494.39 295.18
-494.36 295.18
-494.35 295.18
-494.28 295.18
-494.26 295.18
-494.25 295.18
-494.27 295.18
-494.29 295.18
-494.27 295.18
-494.31 295.18
-494.35 295.18
-494.35 295.18
-